12 0 25 30 33 3 28 19 23 18 20 15 5 29 1 22 11 16 9 24 2 17 32 8 10 4 26 27 21 13 34 35 7 31 14 6 
7 22 21 3 29 24 17 35 20 12 26 18 14 23 28 6 30 33 11 15 9 32 27 4 19 16 10 13 34 31 2 5 0 8 1 25 
22 10 15 28 33 4 16 31 26 14 25 29 3 6 27 2 20 9 17 7 30 11 1 34 24 23 12 35 19 18 32 13 0 5 8 21 
32 2 5 35 24 16 3 31 33 30 6 1 21 10 15 4 18 8 27 12 22 9 14 0 25 23 34 26 28 13 29 19 20 7 11 17 
34 21 15 4 24 30 11 31 33 14 25 29 0 5 8 27 16 12 3 9 35 22 23 10 1 7 20 13 19 6 28 2 17 32 18 26 
31 5 4 30 35 29 12 26 20 27 11 9 23 1 3 19 34 13 21 28 33 15 6 18 7 24 25 0 32 2 22 10 14 16 8 17 
21 1 25 18 0 35 28 8 30 2 7 23 13 20 3 5 6 33 32 31 22 27 26 16 9 17 24 15 34 19 14 11 10 4 29 12 
12 9 13 11 27 2 4 1 24 0 3 17 26 33 21 34 20 25 8 35 28 15 19 16 23 31 18 29 6 22 32 30 14 10 5 7 
7 5 17 27 3 20 35 19 33 2 18 34 31 8 21 0 32 22 16 26 30 14 15 23 10 29 24 1 28 4 12 13 6 25 9 11 
8 4 25 18 33 15 0 22 29 34 35 28 17 19 24 6 12 26 30 10 16 1 27 20 31 11 13 32 23 14 7 2 21 5 3 9 
22 16 18 6 25 29 26 9 3 21 14 13 4 5 8 34 10 19 23 35 27 20 7 28 0 12 32 31 33 2 1 15 17 24 30 11 
0 7 23 19 28 27 20 12 34 1 24 8 4 25 14 5 10 17 18 16 31 30 13 35 6 22 33 29 9 11 26 21 2 32 15 3 
10 32 31 26 28 2 18 25 13 9 7 34 35 33 17 16 5 0 27 11 6 8 29 22 24 1 20 23 19 3 14 30 21 12 4 15 
27 32 25 15 8 23 35 9 11 29 19 34 33 22 18 3 5 28 2 24 16 14 26 6 10 21 31 20 4 0 7 12 1 30 13 17 
20 9 30 15 23 34 22 10 5 11 3 35 13 1 25 32 16 6 27 12 18 4 17 2 19 31 8 29 21 14 0 24 28 26 7 33 
6 7 20 13 34 28 14 1 32 35 25 9 17 18 22 31 30 19 4 8 27 12 11 24 21 10 2 0 5 33 3 16 15 29 26 23 
31 16 21 19 30 32 2 1 29 35 5 11 24 0 13 27 3 20 8 17 14 6 18 33 9 26 7 4 10 22 23 28 25 12 15 34 
3 30 1 11 34 32 19 2 22 24 25 8 21 35 23 16 18 17 9 7 4 31 10 5 6 33 28 26 0 27 20 13 12 14 29 15 
0 22 32 3 27 19 14 16 13 10 34 21 18 5 29 24 7 28 4 2 6 11 23 1 35 8 25 12 9 30 33 15 20 26 31 17 
13 22 16 31 4 23 10 11 19 2 24 21 5 25 3 0 27 7 29 15 17 26 35 9 8 30 14 34 20 28 32 12 1 33 6 18 
9 18 5 35 19 3 14 20 10 31 4 32 34 6 23 21 16 13 2 25 8 27 29 28 22 15 0 7 1 33 12 17 24 11 26 30 
8 33 10 26 12 0 15 25 22 24 7 30 18 34 16 29 17 9 2 14 23 31 3 35 1 5 19 13 11 28 32 21 4 27 6 20 
29 16 20 5 17 28 3 30 32 24 27 18 8 31 22 2 13 12 10 26 25 33 19 35 9 34 11 7 14 6 21 0 1 23 4 15 
8 16 5 3 27 26 13 6 19 7 23 17 22 12 33 28 30 2 9 29 4 11 15 18 35 10 24 0 14 34 1 25 20 21 31 32 
34 27 1 0 5 13 24 21 28 9 12 16 18 19 25 17 10 23 22 26 33 29 3 15 31 32 6 4 7 11 2 35 8 14 30 20 
0 11 9 34 5 12 2 20 25 7 31 21 17 6 18 4 10 33 30 24 26 32 35 1 8 3 15 22 16 29 19 23 28 27 13 14 
31 15 32 19 9 6 13 2 34 24 29 35 30 1 17 0 25 7 26 22 8 12 3 14 33 28 11 21 10 23 5 27 4 20 18 16 
10 29 19 25 0 22 11 1 23 3 8 33 30 13 28 26 16 9 6 34 31 18 27 7 21 4 14 15 12 24 17 35 2 5 20 32 
29 1 6 34 25 13 22 5 11 27 7 16 28 2 20 23 30 26 17 0 8 12 19 32 24 4 10 14 33 21 35 15 9 18 3 31 
27 25 9 18 23 29 11 16 28 7 31 0 2 15 17 5 6 33 12 19 1 26 22 35 8 20 13 34 14 32 21 10 24 30 4 3 
23 12 0 20 33 30 24 32 18 21 1 2 22 17 27 19 3 31 13 10 11 26 25 29 4 5 28 15 7 35 6 9 8 34 16 14 
22 25 13 17 3 26 28 10 20 15 16 11 6 2 19 12 35 33 9 34 24 0 7 18 31 30 27 4 21 23 29 8 1 5 14 32 
26 30 20 2 25 24 23 0 17 32 21 14 28 19 31 35 27 16 15 29 4 1 22 5 33 18 8 13 12 10 11 34 6 3 7 9 
5 3 23 27 31 24 12 2 9 28 30 1 13 34 22 20 29 8 33 35 21 6 19 26 4 18 14 25 15 16 10 11 7 32 17 0 
24 28 27 10 1 30 6 18 13 15 21 22 25 5 4 20 31 26 32 19 23 17 2 7 3 29 9 35 0 33 8 12 11 16 34 14 
5 13 24 34 29 17 20 10 11 26 3 7 35 22 8 16 27 23 19 30 15 12 2 14 21 18 28 1 9 32 33 6 31 4 25 0 
17 12 11 32 3 31 7 19 2 0 29 4 5 34 22 27 35 26 21 14 33 16 8 10 18 6 28 30 13 24 25 9 23 20 15 1 
35 2 4 18 15 33 7 26 8 19 11 34 21 10 14 24 16 20 32 29 6 31 23 17 25 13 12 30 9 0 5 1 22 27 28 3 
33 9 29 15 24 31 32 26 4 30 10 16 12 25 28 17 14 23 11 5 19 0 27 3 8 35 2 1 6 20 34 22 18 7 13 21 
10 14 18 24 3 19 22 27 26 32 1 20 35 6 17 30 15 12 11 25 5 9 0 31 7 13 21 33 16 2 8 29 4 28 34 23 
22 25 34 2 9 21 30 10 14 16 19 33 28 4 7 18 1 26 27 17 35 15 5 24 8 0 6 29 3 11 12 20 32 23 13 31 
8 18 14 21 11 35 30 5 9 34 16 1 2 13 7 23 24 20 25 0 27 29 15 17 32 33 10 6 3 4 31 22 12 26 19 28 
34 29 24 2 10 11 20 1 19 16 32 23 17 25 9 21 35 6 14 30 12 31 4 33 15 13 3 8 22 7 5 18 27 26 28 0 
27 5 17 8 29 9 15 7 24 35 34 21 22 23 18 28 26 32 10 31 11 19 30 4 0 14 16 33 3 2 6 25 20 12 1 13 
34 14 12 30 8 32 9 22 31 7 4 24 17 33 21 28 13 20 26 0 5 19 29 6 1 25 11 3 16 10 2 27 18 35 15 23 
35 9 33 11 21 24 19 12 1 25 2 34 28 26 23 29 13 30 20 3 14 5 15 7 6 4 10 31 17 16 22 27 18 0 32 8 
35 6 2 8 27 30 25 31 22 1 17 13 16 10 7 11 32 24 18 29 9 3 26 19 28 12 15 34 14 21 4 5 33 23 20 0 
35 24 32 11 5 34 4 17 15 25 2 13 10 9 21 6 18 1 20 22 28 14 26 27 12 30 16 31 29 33 7 19 0 23 3 8 
0 24 19 25 2 22 14 17 1 34 29 31 28 13 26 7 5 3 10 33 23 21 18 12 4 20 30 15 11 16 8 35 27 6 32 9 
13 11 33 10 4 12 16 19 21 32 27 2 29 34 7 6 24 3 17 30 31 5 22 35 28 15 9 1 14 20 8 23 26 25 18 0 
11 7 34 35 22 10 18 17 23 33 26 0 9 16 28 1 8 6 21 12 20 29 4 19 32 15 5 3 30 25 27 2 13 24 31 14 
28 18 5 0 8 29 9 32 10 26 35 7 20 14 15 34 23 24 12 25 31 19 21 4 3 16 30 6 2 13 22 1 33 27 17 11 
13 14 28 16 21 33 26 24 15 30 35 12 19 7 8 34 11 10 17 9 4 2 0 23 6 1 18 20 29 27 22 3 31 32 5 25 
17 30 27 33 11 3 21 13 35 1 5 25 9 26 8 16 6 29 34 28 18 14 19 24 12 32 2 22 4 23 7 31 15 0 10 20 
35 30 28 13 22 0 5 4 12 19 17 31 10 23 8 20 29 32 2 16 11 33 7 1 18 14 27 15 26 34 3 21 9 6 24 25 
20 22 15 14 35 3 0 13 6 28 34 23 10 33 9 32 17 12 1 8 26 16 27 19 18 25 30 2 7 4 29 21 24 31 11 5 
3 31 26 6 23 1 25 32 21 18 33 13 9 15 20 24 30 0 12 22 19 28 4 7 17 27 34 10 35 14 2 8 16 5 29 11 
27 15 29 34 4 8 31 25 28 5 2 7 0 32 3 35 24 12 10 14 22 19 11 9 21 18 6 13 17 20 23 26 1 30 33 16 
9 25 33 5 0 26 3 32 15 18 11 10 30 19 17 22 12 8 31 21 14 29 2 1 6 4 20 34 27 35 24 23 13 7 28 16 
7 18 2 0 30 33 10 34 23 5 14 19 15 4 13 22 9 29 12 3 32 11 21 27 16 26 17 35 25 28 8 20 31 24 6 1 
0 16 17 24 27 22 11 20 23 32 29 25 13 5 12 26 7 28 33 6 2 19 3 21 15 34 9 30 18 35 1 10 8 14 31 4 
4 33 35 2 12 11 3 22 29 7 34 26 25 15 6 32 17 16 28 18 1 0 21 5 27 14 31 19 30 23 24 9 20 10 13 8 
20 13 5 26 30 8 9 21 33 27 22 19 24 7 12 2 0 31 1 11 17 15 23 16 14 35 29 32 10 4 6 34 28 3 18 25 
6 27 17 33 34 30 29 10 1 16 3 15 4 32 35 31 2 19 14 11 20 26 28 21 12 24 13 9 8 25 23 22 0 7 5 18 
12 3 6 20 31 34 24 30 10 11 2 33 25 9 8 7 26 14 32 15 5 27 1 18 4 13 29 23 19 17 35 28 16 0 21 22 
11 17 34 24 32 28 13 31 6 25 35 3 27 21 5 8 0 22 19 26 18 10 14 12 1 30 15 33 7 23 4 9 16 20 29 2 
5 25 19 6 0 29 33 1 21 2 14 34 3 7 17 32 15 9 26 27 10 11 13 31 30 8 4 12 24 16 20 23 22 28 18 35 
30 18 24 31 6 11 2 9 25 22 19 17 33 7 13 4 23 26 34 3 28 10 20 14 21 32 1 5 12 0 35 29 15 27 8 16 
19 30 34 12 17 10 15 0 8 35 27 31 23 18 26 6 4 33 16 32 9 7 24 14 25 2 28 22 20 29 13 11 1 21 3 5 
29 23 34 15 0 24 26 8 12 21 35 22 17 2 10 31 33 19 25 32 28 3 4 13 1 18 5 11 27 9 7 14 16 6 20 30 
27 21 30 4 35 22 11 34 9 0 3 14 12 13 7 17 6 33 2 5 26 8 31 16 10 25 19 23 32 28 15 29 18 1 24 20 
5 19 23 9 21 24 3 35 34 14 17 7 2 31 1 32 30 0 15 33 10 11 25 16 20 13 12 18 8 22 26 28 27 29 6 4 
0 34 16 3 5 27 2 23 6 31 22 24 29 12 11 32 10 8 21 26 9 28 25 17 7 35 14 13 1 4 33 19 18 15 20 30 
33 27 24 15 25 9 31 14 0 16 30 32 8 10 11 34 18 6 28 3 2 17 20 13 12 1 22 19 26 21 29 5 23 4 35 7 
11 31 28 32 2 20 0 6 24 16 1 10 21 17 30 14 26 8 12 4 18 34 29 3 13 27 22 33 9 35 15 19 5 7 25 23 
25 24 29 26 2 30 15 0 3 18 20 35 9 27 21 7 34 8 5 33 23 6 11 32 1 16 13 4 12 19 22 17 10 31 28 14 
19 33 17 4 14 15 31 27 6 22 7 5 12 34 35 32 11 13 26 30 1 8 28 25 0 29 18 2 20 10 23 21 9 16 24 3 
29 21 9 34 6 32 31 2 26 33 28 16 5 0 25 12 18 17 30 27 3 7 11 4 20 1 22 14 13 19 24 8 10 35 23 15 
16 5 11 35 2 14 32 12 24 26 17 3 0 1 18 27 25 9 19 10 29 34 8 13 21 28 30 6 23 22 7 31 33 20 15 4 
15 17 13 11 14 22 24 31 6 26 19 33 28 20 5 9 27 21 35 23 29 1 30 0 16 4 18 32 34 8 12 7 3 25 2 10 
13 31 35 6 16 1 8 4 27 3 20 12 28 18 14 11 29 34 32 26 0 22 24 10 19 25 2 17 23 15 30 7 21 9 33 5 
9 12 14 26 15 23 18 31 5 24 10 0 17 22 29 27 2 1 3 28 32 16 21 20 30 25 35 11 13 19 4 8 33 6 7 34 
5 11 9 30 26 15 12 35 23 29 31 32 34 18 4 13 33 8 27 17 20 25 22 10 14 0 21 19 7 3 16 1 28 24 2 6 
9 8 12 32 28 0 11 18 34 29 10 26 27 17 14 33 16 5 13 15 20 2 23 3 30 1 21 24 35 31 6 22 7 19 25 4 
10 24 5 2 26 35 20 32 28 19 4 6 31 18 11 23 27 33 14 21 3 13 1 34 30 15 22 17 9 7 8 29 0 16 25 12 
18 3 9 16 34 20 14 28 2 15 24 13 31 4 33 10 35 12 22 5 25 8 21 1 17 19 26 27 0 29 11 7 23 32 6 30 
0 23 19 31 34 15 28 4 7 26 35 3 32 12 21 1 11 18 13 30 20 25 27 24 33 29 6 9 10 22 5 2 8 17 16 14 
31 19 32 20 26 4 1 18 3 23 29 12 22 24 15 35 30 28 13 21 5 0 8 9 25 11 6 27 34 14 10 16 17 7 2 33 
5 20 12 18 35 2 34 4 7 24 3 9 15 22 31 11 32 25 6 13 8 23 14 30 17 1 27 0 26 28 16 33 29 19 10 21 
2 23 34 10 7 20 12 32 28 14 26 21 16 3 8 13 18 30 0 24 11 6 5 27 29 19 17 22 4 31 25 15 9 35 33 1 
16 18 27 14 25 20 7 10 6 17 35 34 2 23 9 13 1 26 5 29 22 21 11 0 32 31 12 3 19 8 4 28 15 33 30 24 
35 22 23 11 9 34 0 20 8 15 33 10 19 16 18 25 32 14 12 6 24 2 7 13 1 30 3 27 31 26 21 4 29 5 28 17 
19 31 14 7 29 15 18 6 34 13 0 30 16 22 12 9 11 3 33 20 5 32 35 25 10 23 1 21 8 27 17 2 24 26 4 28 
18 14 26 3 5 32 1 12 10 23 28 27 33 21 19 2 15 35 9 16 31 4 24 22 8 0 20 7 34 29 6 13 17 11 25 30 
4 34 31 5 13 14 16 35 9 21 19 24 30 10 33 26 32 17 2 29 3 6 15 0 20 7 1 22 27 28 8 18 12 25 11 23 
29 34 28 18 4 6 25 11 32 0 15 33 9 8 20 35 2 3 23 24 13 16 10 22 7 31 21 19 1 17 5 12 27 26 30 14 
33 20 25 12 8 0 34 11 29 17 35 23 22 24 2 18 28 30 31 9 7 21 3 14 13 10 32 1 15 4 16 27 5 19 26 6 
34 14 29 18 0 19 17 13 11 9 32 21 28 6 2 31 24 7 30 8 25 26 35 22 16 15 5 10 33 1 12 20 4 3 23 27 
17 31 13 7 19 24 11 26 35 2 21 10 14 4 27 15 12 34 25 28 23 6 5 18 16 9 32 20 3 8 33 30 22 29 1 0 
23 33 35 10 7 19 1 16 0 2 13 25 14 31 8 12 4 11 29 18 24 30 21 32 5 20 3 22 9 6 28 34 27 15 26 17 
24 34 5 35 28 4 32 0 12 19 16 2 20 26 23 3 30 22 31 10 1 13 9 14 8 21 27 6 29 18 11 15 17 25 33 7 
33 14 15 4 10 19 17 22 9 29 20 26 30 21 16 35 23 32 31 8 11 1 25 28 7 34 6 13 18 12 3 0 27 5 2 24 
9 4 7 8 3 26 28 18 21 23 20 15 5 12 13 11 33 14 2 29 34 1 27 10 17 16 32 35 30 6 22 0 24 19 31 25 
16 8 2 12 20 30 27 32 1 35 14 7 13 0 28 9 3 23 10 34 6 22 17 31 19 29 11 4 18 15 25 5 24 26 33 21 
7 11 18 27 4 29 0 9 24 10 5 15 22 14 28 21 32 16 30 6 35 25 26 13 1 8 20 12 19 17 23 33 34 2 3 31 
32 6 24 22 14 10 29 20 13 0 15 26 9 5 30 18 27 33 3 1 31 19 4 2 11 21 25 7 16 35 8 23 34 28 17 12 
26 4 20 1 19 22 25 10 13 7 5 30 8 16 2 9 12 3 29 34 0 24 23 11 6 33 32 35 21 31 28 14 18 17 27 15 
3 34 29 20 0 14 7 12 23 32 1 25 21 22 8 6 13 18 5 2 35 15 17 4 26 19 9 11 24 10 30 16 28 33 27 31 
18 10 22 19 5 16 1 33 3 7 2 8 4 27 15 28 20 30 12 6 11 17 31 23 14 24 35 13 0 32 34 21 29 9 25 26 
21 19 16 32 35 29 10 8 6 12 5 2 34 3 31 0 7 15 33 1 9 18 11 28 14 25 22 24 20 13 17 26 30 23 4 27 
20 26 33 17 8 1 4 0 19 22 12 5 28 21 16 34 11 10 13 14 18 23 3 15 30 31 32 24 29 7 35 2 27 25 6 9 
0 2 18 11 12 15 4 24 17 28 34 13 6 26 29 20 8 9 10 35 14 30 22 16 19 31 1 25 21 3 7 27 32 23 33 5 
23 8 21 18 35 4 29 24 14 13 0 26 9 16 11 15 17 19 33 25 31 3 30 6 27 22 2 28 7 5 32 1 12 20 10 34 
14 25 1 33 15 31 23 24 35 0 10 26 11 7 17 21 32 18 28 16 2 5 19 9 8 4 12 20 29 22 13 3 27 30 34 6 
35 13 7 5 21 18 6 32 11 20 15 17 33 2 19 22 1 10 28 4 12 29 31 25 23 26 30 0 14 27 8 24 9 3 16 34 
14 4 24 8 16 20 13 12 22 18 17 6 27 31 26 2 5 32 7 30 10 0 3 28 33 29 25 21 9 1 35 15 34 23 19 11 
0 13 16 26 17 4 32 30 28 29 33 27 14 35 34 3 11 24 1 15 8 2 25 10 21 31 23 12 9 22 7 5 6 19 20 18 
14 21 26 3 31 7 5 10 1 20 13 33 4 11 18 23 25 16 12 2 6 8 29 32 0 17 28 27 19 24 9 30 34 22 15 35 
28 15 7 13 11 29 35 8 4 6 3 21 17 32 14 18 1 22 9 25 2 10 24 16 12 0 20 30 26 27 31 33 23 19 5 34 
25 20 15 11 30 18 24 31 29 0 2 4 21 9 23 16 35 34 14 12 1 22 19 28 13 26 8 10 7 3 27 32 33 17 5 6 
2 26 32 27 20 1 7 0 28 18 24 16 14 19 31 34 12 10 3 35 11 4 30 33 17 9 22 6 21 25 15 29 8 5 23 13 
10 4 22 15 18 28 8 9 1 26 29 23 35 30 34 24 33 12 19 20 13 3 7 16 6 17 32 5 11 0 25 14 31 27 21 2 
8 1 4 30 19 31 25 26 24 32 10 12 33 29 2 9 5 15 7 27 0 28 11 20 34 22 3 16 13 6 17 23 35 21 14 18 
23 12 21 10 26 2 29 34 9 35 5 6 33 7 0 30 3 27 22 11 15 19 16 8 24 1 4 25 18 31 28 32 17 20 14 13 
10 0 5 17 8 27 7 15 23 4 1 13 18 20 12 26 2 29 11 33 34 31 28 3 16 14 21 25 22 19 9 6 30 24 32 35 
18 5 12 20 8 25 3 14 7 32 29 21 23 2 17 33 28 16 15 1 19 0 10 9 24 4 31 27 35 22 30 6 13 34 26 11 
4 14 12 28 29 7 21 10 6 24 20 22 3 27 32 15 9 34 13 11 17 8 19 30 16 0 31 35 1 26 23 2 33 25 18 5 
29 19 32 2 17 21 27 22 28 15 3 26 16 8 25 23 7 12 35 24 9 20 6 1 14 33 0 13 34 4 18 30 5 10 31 11 
16 27 22 33 21 32 0 17 23 26 11 25 3 12 14 9 35 2 1 10 31 34 28 15 29 4 8 19 30 18 5 13 7 6 24 20 
15 7 34 30 25 22 19 26 16 8 10 35 17 29 24 1 0 18 21 31 33 27 23 2 14 20 13 6 28 9 4 32 3 12 11 5 
23 14 8 10 2 30 9 21 27 32 0 1 17 19 3 35 26 4 7 11 33 18 29 34 28 5 25 24 22 12 16 15 31 6 13 20 
35 27 14 32 5 11 9 7 13 12 31 25 1 23 28 15 29 17 20 33 26 10 3 34 6 4 21 19 2 0 22 18 8 24 30 16 
20 29 31 28 0 6 9 30 8 10 22 18 21 2 23 26 33 5 35 32 15 3 13 1 27 34 19 11 7 14 12 24 16 4 25 17 
10 2 26 4 32 1 18 14 21 25 8 27 12 3 7 16 23 9 0 24 15 19 22 33 11 31 28 34 30 5 35 20 17 6 13 29 
29 4 25 31 33 17 6 24 26 8 27 23 34 0 15 1 7 12 14 16 3 35 28 20 2 21 5 18 22 13 19 9 10 11 32 30 
19 21 11 34 1 9 33 35 27 3 6 14 20 17 30 28 13 32 25 29 31 8 26 4 0 5 7 23 12 10 18 24 2 16 22 15 
33 3 17 31 30 7 16 27 35 15 18 1 24 8 0 6 5 26 12 13 2 23 9 11 10 22 20 21 34 14 4 32 19 29 28 25 
16 5 15 0 31 14 6 17 4 12 18 34 3 9 23 7 20 13 30 35 29 27 26 2 28 32 8 22 19 25 33 1 10 24 11 21 
20 12 9 4 35 11 17 3 22 32 15 10 29 21 8 27 5 23 6 24 13 30 14 16 28 19 25 31 34 18 26 7 2 33 0 1 
30 17 10 31 8 13 5 23 18 15 29 28 33 25 7 0 14 11 4 32 26 6 2 1 21 9 19 20 12 16 22 3 27 24 35 34 
10 9 5 26 13 25 35 12 22 30 2 1 32 19 24 28 17 15 18 7 23 3 14 20 33 34 8 11 6 27 16 0 4 31 29 21 
6 35 5 20 28 26 3 11 34 31 21 14 0 15 1 16 10 30 17 12 24 9 25 13 32 18 2 22 4 27 7 19 23 29 33 8 
28 27 26 29 6 34 5 13 25 9 18 19 21 20 11 24 4 1 35 30 3 14 32 17 2 16 22 0 7 15 31 33 10 8 12 23 
27 9 32 25 11 24 2 26 5 22 4 35 33 12 0 34 18 6 7 14 10 15 13 21 8 3 19 29 17 31 30 16 20 28 23 1 
19 5 10 20 0 26 25 3 14 35 24 8 18 16 4 6 27 11 22 34 33 32 31 29 30 23 2 17 21 13 12 7 15 9 28 1 
28 32 27 26 12 34 35 16 33 6 18 24 17 2 5 23 8 10 7 3 11 13 0 25 9 1 31 19 20 30 14 22 21 15 4 29 
20 8 29 17 3 5 27 33 10 4 23 28 30 22 2 16 9 11 0 21 13 25 14 31 12 35 18 7 1 34 19 24 15 6 32 26 
33 20 21 28 23 29 6 35 9 15 8 10 32 19 24 34 11 4 13 3 7 31 30 0 25 5 12 1 22 14 18 2 17 27 16 26 
12 32 3 9 13 4 23 10 24 0 2 30 1 29 8 31 21 5 25 33 19 26 15 11 16 28 27 35 18 20 17 6 14 34 7 22 
28 31 13 19 18 21 34 9 0 3 33 26 8 2 17 32 22 29 1 16 4 35 12 27 15 11 6 20 23 10 24 14 30 25 5 7 
30 35 31 15 9 27 10 13 22 26 23 24 18 28 16 29 3 21 8 11 20 32 7 25 1 14 5 2 6 12 0 4 34 33 17 19 
24 18 13 14 23 19 0 17 26 22 6 32 10 15 34 35 3 30 31 28 8 12 9 25 29 21 33 1 20 4 11 16 27 7 2 5 
26 35 14 31 0 15 6 19 3 7 16 27 25 30 24 28 12 34 21 5 33 11 20 13 4 23 18 8 2 17 1 32 9 10 29 22 
25 21 6 13 11 16 24 7 0 2 8 15 23 17 4 34 33 22 32 1 28 18 12 29 26 31 3 5 30 19 20 27 9 14 10 35 
2 9 16 7 15 33 0 19 34 4 32 28 12 3 30 13 18 8 6 23 10 35 31 1 27 5 22 17 20 25 29 11 14 24 26 21 
18 28 11 26 25 29 0 9 13 31 34 4 14 19 10 5 17 23 30 1 21 8 32 24 6 7 33 2 3 15 16 22 27 35 12 20 
5 7 25 3 26 2 11 12 23 0 16 1 15 18 32 14 19 8 21 27 33 20 28 34 17 6 30 9 22 10 29 4 31 35 13 24 
13 31 6 28 21 11 3 35 22 8 10 20 25 23 32 30 26 24 4 34 27 2 29 15 7 1 14 33 9 18 17 5 16 12 0 19 
0 25 30 2 22 20 8 26 14 24 9 4 33 1 17 6 34 32 18 15 31 3 27 29 21 7 35 13 16 10 5 23 11 19 12 28 
27 0 14 3 24 6 31 32 29 28 5 11 16 18 12 22 23 30 33 19 10 8 13 21 1 25 17 9 7 34 4 2 20 35 15 26 
34 23 12 17 8 30 4 16 0 19 11 1 9 35 26 3 31 22 15 18 28 33 25 6 27 2 13 32 10 20 29 5 24 14 21 7 
31 23 18 8 10 14 0 19 33 1 12 32 28 34 11 22 24 15 5 9 35 21 29 3 26 13 17 2 16 30 25 27 4 7 20 6 
30 0 13 21 1 15 11 22 23 24 12 8 9 14 20 27 5 34 35 29 3 32 31 7 4 16 26 17 2 25 33 19 6 18 28 10 
28 3 34 5 2 10 27 31 7 14 35 13 24 18 12 17 22 29 25 16 26 15 0 30 21 11 1 19 33 32 8 9 4 6 20 23 
6 10 5 4 34 1 20 31 17 0 26 19 21 12 32 15 29 30 16 18 25 7 22 24 23 35 14 27 33 11 8 3 9 28 2 13 
26 20 35 2 32 21 9 0 16 14 22 8 1 5 33 31 29 10 3 15 18 11 17 4 25 13 12 6 34 28 30 24 23 27 19 7 
14 32 17 33 16 4 18 11 10 28 21 12 8 0 25 24 1 9 3 29 30 13 6 2 31 22 5 34 23 7 20 19 26 35 27 15 
24 2 4 14 6 35 3 31 11 29 12 33 30 9 16 20 13 8 32 34 17 5 19 25 1 28 7 15 18 26 27 21 22 23 10 0 
23 33 20 32 35 3 24 34 10 13 17 26 1 2 19 30 31 11 6 4 14 29 22 15 16 21 28 12 7 25 18 9 8 5 0 27 
28 20 30 3 32 16 1 4 22 23 17 12 9 19 29 15 27 18 31 8 2 7 6 26 25 24 33 10 14 35 0 11 5 13 34 21 
15 25 19 18 17 1 20 21 33 28 32 11 2 0 4 29 9 13 34 5 26 16 22 12 8 14 6 23 24 30 31 27 3 7 10 35 
21 2 26 4 33 18 30 17 22 14 35 1 11 20 13 31 6 16 29 27 5 8 25 12 10 32 3 34 24 0 28 9 7 15 23 19 
17 24 26 31 9 32 5 15 7 22 28 13 14 10 34 1 27 3 25 0 19 29 12 30 11 23 20 4 21 8 35 33 6 2 18 16 
9 35 28 26 8 7 2 19 12 23 13 4 6 25 15 17 3 30 34 14 20 22 16 1 33 0 31 10 21 18 32 29 11 27 5 24 
24 29 10 19 28 16 21 9 15 1 13 33 34 25 27 18 35 5 7 6 3 30 2 8 23 11 0 26 4 31 20 17 14 22 32 12 
29 4 31 26 18 28 25 17 13 24 2 23 32 3 20 0 8 30 16 27 6 22 9 19 33 7 35 14 12 1 21 15 34 10 11 5 
4 12 29 16 21 3 22 13 28 23 10 5 31 6 34 35 19 7 30 24 1 20 17 25 18 0 27 11 15 32 8 2 33 14 26 9 
10 33 15 7 8 28 30 35 27 0 17 25 24 1 21 11 3 13 14 12 29 34 22 6 26 32 18 19 4 2 5 16 20 9 31 23 
4 12 19 7 3 15 0 16 23 17 1 8 34 24 5 13 32 14 27 25 21 11 31 10 28 18 2 33 6 22 9 35 30 29 20 26 
10 30 17 7 2 3 4 5 19 23 6 35 11 9 14 20 27 26 24 13 34 31 16 25 22 29 32 1 18 28 21 8 33 15 12 0 
10 7 35 6 13 2 14 8 27 11 30 26 9 1 16 23 15 29 19 25 32 21 22 17 12 0 28 31 5 33 24 18 34 20 4 3 
9 0 16 20 4 10 35 2 8 31 27 29 7 6 13 21 15 22 18 24 26 5 30 25 23 32 12 19 28 11 3 14 1 34 33 17 
21 22 11 35 25 5 8 12 1 34 3 14 18 4 7 19 17 9 33 16 15 31 26 30 0 23 2 32 29 6 13 28 24 27 10 20 
31 21 15 7 28 33 5 10 27 25 2 24 6 26 18 9 30 13 4 20 12 0 1 11 8 3 23 14 16 32 35 19 17 29 22 34 
26 35 7 13 9 6 23 30 27 29 4 1 32 3 15 33 2 11 31 28 22 8 20 25 14 24 5 10 34 17 18 12 21 16 0 19 
25 32 5 20 7 27 34 14 24 22 16 19 28 31 33 17 11 35 30 3 10 8 6 23 21 1 2 15 12 13 9 29 26 4 18 0 
23 32 16 34 8 31 18 27 17 1 19 21 12 35 3 33 0 9 11 30 22 7 2 5 26 10 6 20 28 4 13 29 25 24 14 15 
27 12 9 22 2 4 26 8 7 20 31 30 14 21 35 11 33 32 1 15 16 5 24 10 18 29 34 0 28 25 23 6 13 3 17 19 
7 9 16 23 27 18 30 15 25 11 2 28 21 0 14 29 8 12 26 33 4 31 3 22 24 34 35 32 5 10 13 19 20 1 17 6 
3 21 0 9 28 17 20 23 31 33 22 16 24 25 7 14 11 18 2 32 10 8 26 35 12 30 6 19 29 13 5 15 34 4 27 1 
2 11 1 10 0 6 13 27 25 12 22 24 28 4 18 17 16 9 35 30 32 3 20 19 34 5 31 33 14 29 23 7 21 8 26 15 
0 34 14 19 35 31 28 27 6 1 21 29 11 13 10 23 16 4 26 15 2 12 18 5 25 17 7 9 30 24 32 20 8 3 22 33 
30 32 19 9 22 1 29 2 23 13 15 10 16 25 33 12 28 17 35 27 21 4 24 3 18 14 31 11 6 7 34 5 8 26 20 0 
24 2 25 12 9 17 27 4 11 33 1 29 14 6 15 19 16 8 31 22 26 5 7 34 23 30 13 18 10 3 35 0 20 28 21 32 
9 19 29 34 5 15 14 11 27 21 28 25 16 0 30 6 20 1 12 24 7 4 13 17 33 2 8 32 3 18 10 22 35 23 26 31 
15 4 2 20 25 1 34 21 11 10 27 18 14 28 5 19 32 8 12 13 3 26 35 31 9 23 33 0 30 29 7 24 6 16 17 22 
4 5 28 6 35 16 17 14 20 30 13 23 12 7 2 33 15 8 9 32 18 10 24 1 27 29 22 0 21 34 11 3 19 26 25 31 
5 9 10 33 15 21 29 6 27 3 13 30 32 26 8 0 28 24 14 25 34 11 22 2 17 23 18 35 20 31 19 7 16 12 1 4 
9 3 15 21 26 11 7 14 4 5 0 34 23 10 24 17 32 22 30 2 25 20 13 27 35 33 29 19 6 16 1 18 12 31 8 28 
16 32 10 28 14 0 6 21 20 34 25 17 24 15 19 8 26 9 35 7 12 18 2 1 11 31 27 23 29 4 3 33 22 5 30 13 
24 25 2 33 30 22 3 1 17 35 32 28 20 8 31 6 14 7 10 18 9 21 19 13 16 12 23 4 5 26 11 0 15 34 29 27 
34 6 9 17 1 25 35 13 15 11 2 0 31 12 7 21 29 14 3 22 24 23 5 26 20 8 32 19 18 28 4 27 10 30 33 16 
28 27 13 5 0 22 30 8 18 29 6 35 26 21 12 15 34 25 16 11 10 20 33 3 4 2 17 24 23 32 7 14 31 1 9 19 
34 16 2 3 0 7 14 10 27 17 5 28 31 22 20 15 26 35 11 18 4 32 19 29 9 12 8 6 30 23 33 24 21 1 13 25 
24 1 35 5 16 13 27 11 25 30 17 34 2 32 0 3 29 6 21 9 12 4 14 23 7 20 28 18 33 26 31 22 10 15 8 19 
29 13 35 27 34 21 23 6 10 8 26 25 28 20 4 32 7 17 31 24 19 3 12 16 0 2 9 15 5 33 22 14 18 30 11 1 
23 11 27 5 19 20 17 18 1 30 14 16 25 15 3 31 33 24 9 28 0 13 7 12 29 10 2 32 6 34 35 4 8 21 26 22 
7 14 15 35 13 27 10 29 32 31 30 20 33 11 18 16 22 4 26 8 34 17 6 28 21 0 9 25 12 3 5 24 19 2 1 23 
9 16 32 25 19 22 29 13 10 12 7 18 34 27 26 21 4 2 0 14 28 31 1 35 17 20 24 33 6 23 5 30 8 15 11 3 
26 14 29 2 17 24 22 13 31 12 9 1 16 27 19 6 10 8 0 4 32 23 35 11 3 30 28 33 21 25 20 18 34 15 7 5 
5 23 26 3 20 29 21 34 18 28 12 15 16 1 14 11 25 30 13 2 32 31 35 9 6 0 17 19 8 27 4 22 10 24 7 33 
3 31 7 24 21 14 22 32 4 13 30 34 6 20 27 17 8 19 33 28 23 12 29 1 35 26 18 10 15 16 0 11 25 5 2 9 
34 11 14 0 9 28 27 5 30 3 15 26 12 16 29 31 23 10 22 6 18 7 13 8 21 2 20 32 35 19 1 17 24 4 33 25 
34 22 14 33 1 28 20 0 9 12 21 8 25 6 27 29 16 13 26 4 31 24 18 19 2 3 5 32 23 15 30 10 7 35 17 11 
29 9 8 20 2 33 23 5 3 0 26 21 7 24 28 4 22 14 12 27 31 1 30 32 10 6 18 19 25 17 15 35 11 13 16 34 
15 10 1 18 25 29 22 9 17 13 2 23 8 24 21 35 16 20 33 3 28 32 6 34 19 14 31 26 11 0 5 27 30 4 7 12 
14 5 26 16 9 11 35 33 32 8 21 27 4 31 6 13 28 0 2 12 7 1 22 24 30 34 25 17 19 23 29 15 10 20 3 18 
5 6 34 27 35 21 16 26 13 20 10 4 9 31 2 30 8 14 28 17 29 32 1 23 11 18 12 15 33 25 7 3 0 22 24 19 
33 12 1 4 6 34 30 9 0 25 32 3 5 35 20 19 11 18 29 7 31 28 14 8 16 15 21 23 2 13 22 17 26 24 10 27 
1 13 0 6 12 29 11 5 31 26 3 30 17 18 27 34 14 33 9 28 24 4 25 21 7 2 32 16 15 20 8 35 19 10 22 23 
29 5 8 18 14 23 27 25 31 4 9 0 28 17 11 30 12 20 34 22 6 1 35 33 19 2 26 32 15 16 21 7 3 13 10 24 
0 23 8 22 15 4 31 12 18 16 2 5 7 35 28 24 19 6 9 14 11 29 21 17 26 30 13 34 32 27 3 1 20 10 33 25 
23 26 2 14 29 1 13 15 35 25 0 12 22 31 34 5 6 19 4 8 16 30 33 9 24 17 18 27 7 10 11 20 21 3 28 32 
21 1 28 6 5 12 0 24 15 30 18 35 2 33 26 17 22 11 23 9 4 3 19 10 27 14 25 31 34 20 16 32 29 8 7 13 
4 14 21 25 20 24 22 1 34 29 26 16 5 19 15 33 0 9 10 11 12 35 6 23 31 8 27 32 17 7 3 28 18 30 2 13 
7 8 25 30 9 20 14 34 33 26 1 16 11 19 29 27 22 18 15 12 5 13 2 32 10 4 35 23 28 0 21 6 31 17 3 24 
23 15 1 19 25 6 11 29 20 2 33 0 22 5 28 24 3 8 31 21 10 30 34 13 9 17 18 35 7 16 27 14 32 4 12 26 
9 16 20 13 32 19 15 0 21 11 8 6 31 18 26 4 27 24 25 29 3 12 22 1 7 2 17 34 28 30 23 35 14 10 5 33 
32 25 18 35 6 33 16 23 12 4 0 29 2 24 15 34 11 17 19 26 28 14 1 10 27 8 7 5 9 13 3 22 20 30 21 31 
31 4 19 13 21 2 34 26 15 16 3 30 29 22 0 10 20 14 5 32 35 12 6 28 17 8 9 33 11 25 23 7 1 24 27 18 
5 19 14 9 33 28 16 15 22 21 8 3 13 4 32 24 26 2 35 0 23 25 17 11 12 20 18 30 31 10 29 6 27 1 34 7 
17 9 4 3 20 11 22 14 35 2 24 5 1 30 32 13 8 33 29 6 31 19 23 12 10 16 34 21 28 7 26 18 25 27 0 15 
20 34 19 0 21 1 25 12 26 5 11 6 15 23 28 3 22 30 17 24 9 31 10 18 35 14 4 8 27 16 32 2 7 29 33 13 
33 23 10 15 9 19 2 4 30 1 26 17 8 16 25 5 3 14 12 35 18 31 34 28 22 6 21 20 27 0 7 24 29 13 11 32 
14 35 21 32 30 13 25 0 31 19 8 10 2 12 24 7 16 9 5 6 15 23 4 26 3 1 27 29 17 33 34 18 11 28 20 22 
25 26 12 14 30 18 29 5 35 9 13 17 31 11 0 27 2 6 28 3 10 34 4 8 16 33 23 24 20 21 15 1 7 22 19 32 
33 16 21 9 35 0 28 5 29 23 7 11 17 32 8 2 18 19 30 12 34 24 6 10 15 20 26 1 4 14 25 13 3 27 31 22 
28 2 32 11 13 23 21 14 7 6 9 17 33 16 29 1 3 20 30 19 35 4 15 0 34 26 31 12 18 10 24 5 27 8 22 25 
3 31 32 29 30 33 2 7 19 22 16 9 21 15 13 17 18 10 4 26 35 12 8 0 6 1 25 24 27 5 11 28 34 20 14 23 
7 14 3 11 28 19 6 8 22 10 30 9 33 4 35 18 32 13 0 12 31 20 1 25 2 27 29 23 16 21 34 5 26 17 24 15 
12 6 27 16 18 32 22 26 0 29 1 8 28 25 17 4 20 34 5 30 3 11 23 35 15 19 24 2 7 10 31 33 9 14 21 13 
12 25 28 32 0 14 7 34 21 33 2 1 24 20 26 30 3 35 6 9 8 4 5 19 22 13 29 23 10 11 15 27 31 18 17 16 
10 17 24 5 4 11 28 33 8 26 3 22 1 32 34 18 31 27 16 25 29 21 6 35 2 23 19 9 7 13 12 15 14 20 30 0 
25 28 4 18 27 34 5 24 19 2 17 16 32 21 20 23 30 9 1 22 10 35 7 6 11 31 0 33 13 8 29 26 14 15 12 3 
16 32 14 10 7 18 6 19 28 30 8 0 25 35 17 33 9 26 27 21 3 2 23 31 34 13 24 29 22 4 20 11 15 12 5 1 
22 8 30 26 2 0 18 9 28 10 7 6 23 34 29 33 13 11 4 20 17 27 24 16 32 14 35 25 12 21 31 3 15 5 1 19 
15 27 10 23 28 14 3 6 35 20 8 5 11 22 16 33 1 30 4 26 24 17 7 34 31 9 12 29 32 19 21 13 0 2 18 25 
29 25 3 2 28 16 6 27 8 17 35 31 5 15 22 18 34 10 32 0 24 1 12 14 23 33 7 9 20 26 30 19 11 21 13 4 
22 16 1 23 17 3 13 5 27 30 21 34 15 32 12 14 31 11 24 10 35 9 28 26 29 7 4 25 8 6 33 2 18 20 19 0 
19 24 35 7 3 20 0 27 30 9 29 34 8 21 11 32 15 18 4 6 17 23 16 2 33 14 26 25 10 28 12 31 5 1 22 13 
34 7 11 28 23 0 26 14 1 30 8 17 3 2 9 31 18 15 21 25 33 24 19 35 22 32 12 10 5 4 20 27 29 6 16 13 
9 14 10 16 12 11 30 33 13 18 7 17 15 20 25 26 19 28 24 21 23 27 4 1 5 29 34 32 35 3 0 6 22 31 2 8 
0 17 18 10 12 15 28 25 8 1 30 3 27 4 34 19 24 11 21 33 7 23 20 6 32 2 26 9 29 31 16 35 13 22 14 5 
33 27 19 35 30 31 17 2 14 23 13 9 1 15 26 32 0 12 8 22 5 3 7 24 4 6 11 25 20 21 10 28 16 18 34 29 
21 29 31 28 34 12 33 30 24 20 4 32 5 25 8 3 27 16 7 35 23 10 6 1 0 13 18 9 26 11 22 2 14 17 19 15 
28 27 11 26 1 8 24 9 12 23 10 22 14 16 18 34 4 32 0 13 30 25 17 20 7 3 21 15 19 29 31 6 2 35 5 33 
18 0 5 35 26 28 27 13 10 25 22 1 31 14 23 19 21 30 6 15 20 33 2 3 9 29 7 16 24 17 11 12 8 32 4 34 
13 1 15 9 16 26 35 27 28 7 23 30 22 20 25 32 29 21 33 12 17 24 5 31 4 34 8 6 3 19 11 14 0 2 18 10 
23 3 32 1 9 35 19 29 18 27 6 12 15 34 17 30 33 0 24 14 4 13 2 22 28 26 10 11 25 31 21 8 20 5 7 16 
8 31 12 21 7 34 24 11 18 27 26 33 3 17 6 4 16 20 22 23 28 9 5 14 10 29 1 0 30 35 32 19 13 25 2 15 
34 13 5 18 14 31 19 1 4 11 8 23 15 2 28 35 9 21 0 10 7 20 17 27 29 25 33 22 16 30 24 26 12 32 6 3 
21 16 5 28 2 31 22 3 8 30 20 17 15 0 18 34 19 29 7 26 1 4 10 32 35 25 12 23 9 6 24 14 33 11 13 27 
2 11 25 3 31 0 30 5 13 1 26 8 29 15 9 27 4 20 16 28 14 24 18 22 19 12 32 34 17 23 6 35 7 10 33 21 
13 20 26 25 28 18 29 22 31 11 5 33 9 8 0 35 19 3 16 4 15 17 34 1 6 23 24 7 27 30 12 14 21 32 2 10 
12 19 16 18 17 4 21 26 0 23 11 27 34 14 3 1 7 6 25 15 29 33 31 22 9 8 35 28 2 24 13 20 32 30 5 10 
34 16 32 23 9 25 1 14 31 35 27 3 18 22 7 10 15 28 21 11 19 20 8 17 30 29 24 13 26 12 4 33 5 2 0 6 
4 18 24 1 13 22 8 10 30 20 15 14 21 2 25 19 17 16 23 3 7 0 31 33 6 9 26 5 12 35 11 34 32 28 27 29 
8 35 30 3 20 15 26 24 34 2 17 16 18 7 14 23 32 21 6 11 31 22 0 9 33 19 5 29 4 12 1 10 27 25 13 28 
29 6 18 34 11 27 35 19 5 31 22 7 8 32 25 17 2 10 16 4 13 28 21 33 24 20 23 3 26 9 12 15 30 14 1 0 
18 10 15 16 19 13 31 32 7 5 22 34 6 2 9 26 28 11 0 30 25 17 14 35 27 8 24 29 33 21 3 4 23 12 20 1 
1 19 26 7 22 20 11 21 16 8 23 13 12 29 28 0 24 5 30 31 34 25 9 15 27 3 17 33 32 14 18 6 10 2 35 4 
0 11 20 12 7 21 9 16 27 8 34 35 22 32 1 17 3 31 13 19 33 24 6 26 4 18 28 25 14 29 30 15 10 2 5 23 
33 35 20 6 15 9 12 5 7 24 31 28 25 32 23 17 26 13 22 4 2 16 10 1 8 18 21 19 0 27 11 3 30 29 14 34 
0 16 6 11 7 5 24 34 33 17 29 31 20 2 4 35 1 8 19 15 18 10 14 23 26 27 28 9 32 13 12 22 21 25 3 30 
31 29 5 20 33 34 21 26 24 18 7 17 3 6 30 10 19 32 23 12 9 14 0 35 4 15 28 8 13 1 25 27 16 22 2 11 
28 10 25 5 29 35 23 18 34 7 3 24 19 12 1 31 26 32 13 6 20 22 27 15 0 16 8 9 33 4 17 14 21 30 2 11 
30 25 6 17 3 8 19 9 16 32 12 11 10 23 0 29 15 26 22 27 24 18 7 14 4 5 34 2 28 21 13 31 35 20 33 1 
8 31 23 27 16 15 13 9 21 34 22 32 4 5 35 28 33 26 1 30 25 18 12 2 6 17 10 20 29 19 3 14 11 7 0 24 
3 6 9 34 32 14 8 21 24 30 28 33 35 20 12 1 7 11 31 29 13 0 2 4 26 18 25 16 19 27 17 10 23 5 15 22 
8 3 28 12 4 0 34 1 16 30 15 10 11 7 21 24 32 17 27 22 6 9 14 13 19 20 33 5 25 35 2 26 23 29 31 18 
9 22 6 32 16 29 23 1 4 7 19 13 31 34 17 3 33 18 20 14 25 0 11 12 5 21 28 35 10 27 2 30 24 26 15 8 
19 13 7 25 16 12 5 33 21 28 35 6 1 17 0 9 14 20 31 22 24 23 10 34 2 8 26 3 27 11 18 4 30 29 15 32 
14 3 12 6 10 11 16 23 30 33 27 9 13 19 0 28 5 2 21 25 1 15 22 8 17 29 4 32 34 7 24 18 26 35 31 20 
20 28 0 32 7 27 24 33 16 5 30 34 25 4 12 11 13 17 6 21 26 31 8 35 19 18 1 29 2 10 9 15 14 3 23 22 
6 35 8 12 10 3 23 14 16 4 26 21 15 24 27 0 17 1 19 9 2 31 13 11 34 18 22 33 5 32 30 7 25 20 29 28 
34 29 12 2 11 18 9 8 10 27 1 4 31 16 5 17 32 35 19 21 15 26 23 6 7 22 33 14 24 30 0 20 28 3 13 25 
27 17 9 33 12 15 28 25 26 16 7 2 18 22 10 19 32 23 11 4 1 6 29 34 30 14 3 13 24 0 5 35 20 8 21 31 
20 33 31 16 35 22 7 24 5 19 15 10 1 6 17 8 30 13 2 29 23 3 14 18 25 9 12 0 21 11 34 26 32 28 4 27 
33 2 34 35 9 14 11 20 25 23 32 24 6 18 19 10 12 26 0 30 27 13 29 16 15 31 3 8 28 21 4 5 7 17 22 1 
8 25 24 0 21 3 10 23 26 27 12 35 33 6 30 31 11 29 9 18 19 1 15 13 28 5 20 22 32 17 16 4 2 14 34 7 
22 16 7 12 2 27 5 13 6 30 19 21 18 1 24 32 8 4 29 34 28 25 14 9 3 33 35 15 17 26 0 20 11 23 31 10 
35 21 9 22 25 1 34 27 3 18 33 0 16 8 7 29 4 12 13 14 19 26 30 5 6 23 10 20 28 31 17 32 11 24 2 15 
12 5 30 10 26 13 8 24 15 18 32 33 6 14 35 16 23 19 34 7 11 3 20 9 28 29 2 0 22 27 21 31 1 25 17 4 
12 21 20 9 1 24 0 22 31 23 26 13 14 19 3 32 34 4 17 18 27 2 29 30 25 33 8 35 11 5 7 6 28 10 16 15 
28 27 35 4 9 25 13 29 34 26 5 12 17 22 10 31 19 23 33 3 0 24 18 16 6 30 21 20 8 15 14 32 2 11 7 1 
4 26 17 16 14 5 24 35 9 21 25 10 2 27 20 13 11 0 6 31 3 8 30 18 34 12 22 33 1 19 7 29 15 28 32 23 
29 30 28 16 8 10 5 3 0 18 2 23 7 32 33 6 19 34 15 22 27 17 25 24 20 12 14 13 11 21 1 26 35 4 9 31 
24 35 22 32 25 31 15 2 14 20 6 17 19 29 21 3 18 7 12 34 23 33 16 13 5 10 27 1 8 9 28 30 26 0 11 4 
19 21 28 8 23 11 5 20 26 17 30 24 16 25 6 2 34 18 33 27 22 32 3 31 13 15 7 14 9 0 10 12 1 29 35 4 
18 24 0 22 35 3 28 10 8 30 32 25 23 7 5 34 2 16 1 15 19 13 12 26 14 31 11 33 9 17 29 20 6 4 27 21 
6 35 18 33 29 31 13 16 10 4 11 34 1 0 12 2 14 23 28 9 19 17 8 26 22 30 7 24 25 21 5 32 15 27 20 3 
13 18 26 21 2 5 16 11 29 23 1 30 33 0 25 15 9 8 24 17 22 3 27 10 19 12 4 32 35 28 7 14 34 20 6 31 
11 18 0 33 30 31 7 27 22 12 1 4 10 14 29 8 34 9 2 35 19 21 20 3 6 17 25 32 26 5 13 24 16 23 28 15 
23 33 12 35 29 21 18 8 16 2 5 14 27 1 20 3 0 30 34 15 31 26 9 6 22 28 13 24 25 7 32 19 11 17 4 10 
13 27 8 5 28 30 11 15 21 33 2 19 3 7 32 18 25 16 1 24 4 26 14 20 6 35 12 23 10 9 31 17 22 34 29 0 
26 14 9 31 35 16 4 11 6 27 3 8 12 7 20 24 2 19 18 28 10 13 1 23 29 33 34 25 22 21 0 32 5 17 15 30 
5 7 26 27 32 0 8 18 28 12 9 30 16 24 3 34 19 22 6 2 15 31 25 23 29 10 35 21 17 11 14 13 1 4 20 33 
6 22 15 30 12 9 24 0 13 35 25 31 23 17 16 18 27 34 7 21 33 19 28 8 26 1 5 3 20 32 14 11 2 29 10 4 
22 34 13 19 14 0 11 20 10 33 16 23 15 35 8 17 25 9 30 26 6 32 1 21 27 24 3 7 5 12 31 2 4 18 29 28 
22 14 31 11 29 35 3 21 33 10 0 9 6 8 26 7 2 28 5 12 20 23 24 16 30 4 13 17 1 19 34 18 15 32 25 27 
15 29 14 16 0 8 23 34 25 11 32 4 28 2 9 7 22 24 30 1 26 19 17 31 33 12 3 5 13 35 10 21 20 27 18 6 
18 26 0 23 9 33 16 30 4 13 34 27 1 35 19 20 10 3 22 8 29 2 17 14 6 25 21 12 32 24 5 31 15 28 7 11 
14 35 30 11 25 12 27 8 33 34 6 1 21 24 29 18 15 5 7 0 26 19 2 13 4 20 17 32 31 28 22 16 10 23 3 9 
16 34 31 9 32 26 17 14 6 18 28 23 20 2 8 22 4 15 21 35 10 3 13 24 11 7 30 1 5 29 0 12 19 27 33 25 
14 16 26 21 33 31 2 9 15 6 25 22 27 28 32 20 13 11 29 3 23 17 10 24 0 5 8 35 12 30 7 4 34 19 1 18 
34 10 18 31 17 30 29 5 6 4 26 25 8 21 24 9 2 20 0 32 7 16 33 13 27 23 12 11 1 22 14 3 19 15 35 28 
26 30 29 11 18 31 23 0 5 20 2 27 28 33 22 9 7 19 17 10 13 34 14 25 24 4 8 16 3 6 35 21 15 32 12 1 
8 2 32 12 25 6 28 15 11 33 35 30 13 24 19 3 9 17 1 26 4 27 22 29 21 7 20 18 5 16 34 23 31 10 14 0 
12 2 27 18 26 16 13 11 21 19 3 23 32 5 0 24 30 9 29 25 31 10 1 14 35 17 7 28 6 20 22 8 34 4 15 33 
5 6 18 30 7 33 14 8 0 16 4 17 2 10 29 1 24 13 31 20 27 32 22 35 25 23 19 3 26 28 34 11 12 15 21 9 
29 32 7 27 26 11 15 21 12 35 1 3 30 13 19 25 24 17 9 0 10 18 20 4 34 23 16 28 22 31 5 6 14 2 8 33 
28 11 31 20 19 23 13 12 27 16 3 32 5 14 0 10 4 24 26 30 33 9 25 18 35 34 17 2 15 6 8 22 1 29 21 7 
23 1 7 16 17 29 20 6 8 9 22 30 25 18 3 13 26 34 31 19 11 35 32 24 28 15 27 14 4 21 12 33 2 5 0 10 
32 2 3 6 8 25 5 20 24 19 11 18 23 34 26 10 22 14 9 12 31 17 29 15 16 33 35 21 13 4 27 28 30 7 0 1 
35 31 23 8 30 4 29 32 18 14 6 20 21 17 10 0 12 16 15 5 33 13 2 27 19 3 34 11 25 7 28 1 26 9 24 22 
18 7 2 22 17 19 0 5 23 29 25 3 24 21 31 35 1 34 27 12 14 9 32 28 33 10 6 13 4 20 26 11 16 8 15 30 
2 24 16 34 33 26 0 11 4 9 28 23 6 12 25 20 31 3 22 32 13 30 15 29 19 1 21 35 14 18 10 7 17 8 5 27 
13 14 16 15 25 35 24 1 31 30 4 20 7 17 10 3 21 6 12 23 8 33 28 34 22 27 9 11 5 19 18 29 26 2 0 32 
1 13 24 30 14 7 21 31 4 9 29 8 10 17 23 11 20 19 16 3 28 5 6 33 15 26 35 18 25 0 22 27 32 34 12 2 
29 5 4 20 28 9 8 12 32 19 14 24 10 26 23 0 30 33 1 25 21 7 18 13 15 35 22 16 2 27 11 31 3 34 17 6 
28 34 2 30 32 15 6 17 8 25 27 29 35 1 14 11 4 3 5 16 31 13 21 26 10 12 9 20 7 23 33 0 24 22 19 18 
10 13 4 26 29 21 30 19 1 2 23 17 3 34 14 35 9 18 7 27 5 28 33 15 22 12 25 16 6 31 11 8 20 32 0 24 
14 20 3 8 28 10 27 29 16 34 5 9 12 7 6 30 11 33 13 23 24 25 31 4 2 19 32 26 35 15 0 17 22 1 21 18 
2 7 25 1 31 30 12 34 5 4 15 0 18 3 9 10 28 8 13 29 11 6 23 17 20 26 22 14 32 24 33 27 21 19 35 16 
21 34 4 1 27 26 33 25 30 23 17 7 15 19 29 20 22 35 11 2 12 10 6 3 24 14 8 16 28 32 0 9 31 18 13 5 
15 32 29 20 8 26 13 33 30 24 31 0 18 19 9 14 35 4 10 1 27 34 12 17 21 16 22 2 25 23 28 11 7 6 3 5 
25 22 15 26 13 34 11 3 30 0 17 35 20 8 27 4 31 19 28 21 9 1 18 5 10 12 2 6 29 33 24 32 7 14 16 23 
22 0 1 14 13 25 8 30 35 17 12 28 19 9 21 33 6 2 29 24 5 32 16 18 10 20 26 27 23 7 34 4 3 15 31 11 
27 20 12 5 14 16 2 30 24 11 29 1 10 18 4 28 25 19 26 23 35 17 6 32 0 3 15 8 7 21 9 31 13 33 22 34 
9 18 3 5 35 4 19 28 6 32 24 13 29 11 31 1 2 14 20 0 15 27 17 34 10 16 30 23 12 8 7 21 33 25 26 22 
6 21 24 7 1 28 10 26 9 15 30 35 25 19 8 17 14 23 27 31 34 16 5 32 18 29 33 13 0 2 20 3 22 12 11 4 
3 5 0 13 30 28 34 9 18 20 12 25 26 4 14 15 10 32 7 33 29 2 35 16 1 27 6 21 19 22 17 11 24 23 31 8 
32 0 18 29 19 11 3 25 17 22 27 21 5 31 2 10 4 34 26 9 7 23 14 12 8 15 16 24 13 1 33 30 28 20 35 6 
15 23 17 11 31 4 26 14 21 5 34 12 33 27 25 24 18 3 8 0 13 22 32 10 16 29 28 2 1 7 30 35 20 9 6 19 
31 10 22 33 25 16 34 11 14 20 27 5 29 0 2 17 13 30 6 9 3 7 19 21 18 28 35 32 4 8 23 1 15 26 12 24 
20 5 34 9 22 31 23 27 4 13 30 10 21 35 15 19 17 24 7 12 32 16 1 29 0 6 14 25 28 33 18 8 26 11 2 3 
25 24 27 6 22 21 29 10 7 1 2 4 26 31 32 3 30 11 17 13 20 15 0 8 18 12 23 9 34 14 33 5 16 28 35 19 
27 11 6 1 22 24 5 15 31 23 14 4 21 12 17 3 28 30 32 18 8 13 0 19 33 9 29 26 7 10 35 25 2 34 20 16 
24 2 6 8 4 25 20 29 5 12 18 33 21 30 1 0 11 13 15 31 35 17 16 9 14 22 27 7 34 19 26 28 10 32 23 3 
30 6 35 21 0 13 25 31 2 20 22 3 23 15 1 32 33 18 14 19 10 16 28 11 29 34 24 9 7 26 8 5 12 27 4 17 
13 15 4 31 34 24 18 29 12 3 16 28 11 23 10 5 35 27 0 1 33 30 19 2 8 7 20 21 17 14 32 22 9 6 26 25 
34 10 26 20 18 15 6 9 28 25 11 14 13 22 7 19 3 33 1 24 27 23 30 0 8 16 29 21 12 2 31 5 32 17 35 4 
27 17 26 19 16 29 33 8 11 7 23 9 6 21 35 30 18 32 13 20 2 25 12 3 15 4 31 10 28 1 22 34 5 24 0 14 
29 23 28 35 15 6 12 7 13 26 21 30 19 8 11 0 24 2 18 10 17 5 25 33 34 20 16 9 31 1 27 22 14 3 32 4 
23 30 27 34 31 16 6 33 20 0 8 2 1 7 13 12 5 9 21 24 25 28 4 11 26 18 3 10 15 17 22 14 19 35 32 29 
35 12 17 25 3 9 33 8 34 5 29 24 11 19 2 20 1 14 13 10 32 6 28 4 31 23 30 7 18 0 15 16 26 22 27 21 
13 8 11 16 10 17 6 33 25 14 29 34 30 4 28 9 23 21 22 24 31 32 15 3 18 2 7 35 26 5 12 27 0 19 1 20 
33 2 4 11 30 6 5 7 31 23 0 29 22 8 9 35 24 28 34 19 32 21 3 25 27 14 10 18 16 12 1 13 17 26 20 15 
26 6 16 10 19 27 0 20 4 15 22 18 2 3 1 21 24 7 31 14 29 13 8 28 34 5 35 9 23 33 25 11 17 32 12 30 
31 18 21 30 5 14 1 16 4 24 27 2 28 6 11 20 22 10 3 7 13 33 19 25 23 17 35 0 26 8 32 12 9 29 15 34 
32 5 0 10 11 31 21 16 33 8 13 22 15 30 9 35 6 3 26 28 34 18 25 12 17 23 20 2 29 24 7 19 27 1 4 14 
19 21 31 1 25 2 22 6 15 13 14 0 7 29 26 9 8 20 17 30 28 10 5 12 32 16 35 34 24 4 3 33 11 27 18 23 
7 19 23 35 24 12 27 5 16 28 32 3 1 30 25 31 13 29 21 26 9 11 4 2 14 10 8 17 33 15 6 18 34 0 20 22 
34 9 27 15 10 31 2 30 14 17 24 32 19 18 8 33 16 3 28 4 35 7 12 5 29 11 0 13 20 25 21 1 22 6 26 23 
6 34 26 5 35 30 29 32 23 8 14 15 31 11 24 13 1 2 20 16 12 17 18 3 9 22 33 28 19 0 4 10 7 21 25 27 
31 18 13 35 24 3 27 4 1 29 20 26 32 10 22 21 15 16 25 19 14 34 12 33 28 17 7 8 30 5 11 2 0 23 9 6 
8 13 3 1 26 29 2 33 21 28 19 31 34 11 5 15 25 20 17 14 7 24 6 12 16 10 23 27 30 4 0 32 35 18 9 22 
9 6 1 21 19 11 5 30 25 15 10 3 23 22 27 12 16 35 24 28 4 32 8 29 0 7 13 20 18 31 34 33 17 26 14 2 
8 32 14 17 26 18 34 16 27 31 6 35 2 24 13 7 33 22 5 29 15 23 30 25 9 11 19 28 1 12 10 20 3 21 4 0 
19 15 28 16 2 30 3 27 7 24 5 14 0 18 22 11 9 10 21 26 20 13 34 12 33 32 29 23 17 35 25 8 6 31 1 4 
0 28 22 17 3 12 20 8 11 6 18 31 7 29 15 10 26 5 23 27 24 9 14 30 32 25 34 2 19 13 16 35 33 21 1 4 
35 7 11 24 23 20 16 9 21 25 4 8 30 18 27 31 28 32 1 22 26 0 13 17 3 10 19 29 6 12 34 5 14 15 33 2 
12 1 34 22 2 19 11 17 6 16 3 24 10 14 13 9 27 32 29 5 33 4 21 35 28 8 0 15 18 26 25 31 7 30 20 23 
25 23 29 26 34 35 30 12 18 31 17 0 1 2 16 33 5 21 22 11 9 6 10 28 8 13 27 20 24 4 19 32 7 3 15 14 
11 4 16 21 28 0 6 35 13 31 15 17 14 7 18 25 26 34 22 9 5 30 19 3 27 10 23 32 29 33 24 2 1 20 8 12 
30 29 5 6 4 8 27 10 31 33 20 16 23 1 28 2 17 21 22 0 19 32 24 14 34 25 35 26 13 15 3 18 9 12 11 7 
2 8 35 28 19 15 22 24 5 30 33 9 17 7 31 26 32 12 0 10 6 3 25 16 18 4 11 34 13 21 20 23 14 27 29 1 
29 11 23 2 6 4 35 14 5 15 19 26 31 0 20 33 17 24 22 32 28 13 9 34 27 8 21 18 7 30 10 12 25 3 1 16 
1 33 2 5 9 8 4 17 35 31 20 30 27 25 3 26 24 18 6 13 0 16 15 32 29 28 11 7 34 19 12 23 22 14 10 21 
5 18 35 20 4 34 24 25 29 30 31 27 6 0 14 23 19 10 33 21 7 2 9 32 11 1 16 8 22 28 15 13 3 17 26 12 
25 24 35 29 30 0 16 7 6 32 13 19 23 10 15 21 31 2 8 17 20 34 11 28 1 27 18 5 14 26 22 12 9 4 33 3 
32 23 33 30 24 0 35 28 13 15 1 16 8 2 19 26 34 5 18 29 17 31 25 20 10 11 7 12 9 27 22 21 14 3 4 6 
29 31 1 3 8 25 7 18 17 9 24 11 33 19 14 35 32 6 27 34 28 5 21 15 20 26 10 2 16 0 4 30 23 13 22 12 
18 8 0 5 4 26 10 17 7 22 34 13 20 6 30 2 28 3 16 24 27 12 33 32 19 29 15 35 21 23 25 11 31 9 1 14 
12 15 17 32 28 20 24 29 30 35 25 34 7 10 18 19 33 26 8 27 5 13 31 4 22 2 14 3 21 23 0 11 16 9 1 6 
35 20 21 25 23 14 17 34 32 7 10 26 31 30 28 16 33 18 29 8 6 12 9 3 2 1 15 11 24 19 5 13 27 22 4 0 
9 22 17 23 31 2 27 26 24 7 14 0 3 25 6 11 4 16 1 34 35 30 28 33 32 5 18 21 19 10 15 12 8 29 20 13 
6 9 23 26 4 12 8 22 15 29 21 32 2 5 10 3 13 27 24 16 1 25 18 19 20 35 33 17 0 28 34 7 31 14 11 30 
22 19 23 24 4 20 26 7 8 11 9 1 35 2 18 27 17 5 32 21 34 16 29 33 3 13 6 15 12 10 31 25 30 0 14 28 
20 4 18 31 2 8 29 0 13 16 1 15 34 24 30 22 21 26 23 33 6 27 19 25 11 35 7 14 17 5 12 10 3 9 28 32 
20 2 29 5 25 23 33 10 12 27 11 22 6 17 3 18 28 19 21 24 35 7 13 34 0 30 32 1 16 26 4 14 31 9 8 15 
4 24 11 14 22 26 27 15 17 28 31 9 18 21 16 0 32 10 19 2 7 5 13 33 29 12 23 8 6 20 30 25 3 1 35 34 
3 26 24 14 20 9 35 27 10 13 30 16 0 22 32 18 17 15 34 11 21 5 12 6 19 29 7 31 4 8 25 28 1 33 23 2 
18 4 15 22 7 17 21 19 6 13 35 10 32 3 25 2 9 1 26 27 24 5 33 23 20 8 29 28 11 14 16 31 12 30 0 34 
35 17 23 25 13 8 20 11 18 28 7 30 31 1 34 2 5 16 26 10 15 4 19 24 9 0 22 21 12 27 3 6 29 32 14 33 
30 12 26 32 15 8 25 22 3 9 2 20 7 1 18 11 10 27 29 19 35 21 24 13 33 17 14 0 16 4 28 34 31 5 23 6 
5 13 15 22 27 24 16 8 12 4 29 1 31 20 3 23 14 11 25 34 21 28 17 30 7 26 2 6 35 0 33 18 10 19 9 32 
22 29 6 31 9 12 1 11 18 8 24 16 30 0 13 28 7 25 15 10 27 21 3 5 4 26 19 33 20 34 14 32 2 35 17 23 
5 3 1 23 24 20 11 7 9 12 29 18 35 28 30 19 21 8 15 16 32 14 6 26 2 17 34 31 13 25 33 22 10 0 4 27 
31 34 29 10 16 33 24 28 3 25 22 11 32 30 6 27 15 5 4 35 17 8 21 26 12 9 13 20 19 1 7 23 14 2 18 0 
0 32 25 10 27 17 29 9 23 13 22 8 18 26 31 34 16 7 6 2 19 33 5 30 11 4 20 21 1 28 35 24 3 15 12 14 
23 31 9 30 17 22 6 34 5 8 21 18 20 2 3 24 7 12 28 14 32 4 33 25 27 13 15 35 29 10 1 16 11 26 0 19 
31 13 14 17 35 6 12 5 24 21 15 11 23 32 10 9 30 25 26 27 1 16 34 22 18 19 20 3 0 28 2 4 8 7 33 29 
18 11 14 19 27 20 6 10 24 26 13 7 2 8 0 1 30 5 21 3 31 28 29 33 35 22 17 23 15 34 16 4 9 12 32 25 
33 35 22 28 0 7 11 30 16 19 17 12 6 3 14 5 24 10 34 25 26 1 2 21 20 31 23 29 4 9 8 27 32 18 13 15 
7 12 4 17 2 8 10 19 3 33 23 34 9 29 31 25 35 11 15 30 16 0 1 24 22 6 14 26 13 18 32 21 5 28 27 20 
9 31 26 24 16 34 6 2 35 7 12 3 32 33 21 30 11 5 22 28 25 27 1 29 18 23 10 8 19 14 17 20 15 13 4 0 
12 31 6 14 8 35 28 2 18 19 17 26 21 20 24 23 29 32 4 10 22 11 25 34 16 0 33 13 27 30 9 3 15 5 1 7 
28 18 19 34 7 12 10 14 15 4 20 8 31 22 3 16 30 33 2 6 32 26 25 24 27 5 21 13 1 35 9 17 29 23 11 0 
14 3 16 19 27 18 26 22 24 9 23 21 13 35 34 8 0 20 33 4 30 2 29 25 6 1 7 5 15 10 17 11 28 32 12 31 
14 19 25 29 22 27 11 15 34 3 2 10 23 13 20 17 1 32 21 26 16 35 5 28 6 7 0 8 4 12 33 9 18 30 24 31 
6 29 1 20 10 21 31 9 12 13 23 5 25 16 35 27 17 33 0 14 7 34 15 19 28 11 8 4 24 30 3 2 22 18 32 26 
7 13 26 18 34 12 32 21 5 6 3 17 29 0 11 35 33 27 23 19 9 31 22 16 24 28 8 14 2 10 30 25 15 4 1 20 
24 4 8 5 19 32 7 16 0 28 29 3 10 9 17 11 34 14 21 26 35 20 18 33 30 1 31 12 23 15 27 22 13 25 6 2 
18 20 19 8 10 25 17 21 32 0 27 33 24 4 15 31 13 1 23 29 35 7 34 12 11 6 30 28 16 14 3 22 2 5 26 9 
19 9 20 28 0 15 29 32 33 12 4 2 11 7 16 34 23 8 35 30 3 17 13 22 14 31 5 1 25 10 27 18 24 21 26 6 
21 13 15 7 26 31 18 11 20 12 8 4 1 9 14 23 35 28 10 30 17 5 3 22 2 6 16 24 32 27 34 33 25 0 19 29 
11 16 5 17 35 9 24 23 31 14 32 1 19 3 25 27 20 8 10 6 29 22 33 4 30 21 28 18 7 12 13 26 0 15 2 34 
9 2 23 26 16 5 25 24 20 7 11 12 28 8 32 34 1 13 10 35 30 27 33 22 14 4 0 17 21 19 15 29 18 31 6 3 
33 2 13 3 29 1 5 23 11 22 32 27 26 7 18 4 31 24 16 20 14 17 25 30 15 9 8 12 10 34 21 0 35 28 19 6 
22 6 5 25 3 4 12 14 9 28 26 21 15 20 11 32 19 18 2 33 29 17 7 35 8 0 16 1 34 23 30 31 24 27 10 13 
21 2 5 24 0 18 32 19 15 3 1 6 7 11 29 22 30 33 28 9 23 13 20 31 35 16 10 14 26 12 25 17 8 4 27 34 
12 3 20 25 8 28 19 30 23 26 4 14 24 0 2 1 27 31 11 32 5 29 17 33 21 18 16 35 22 10 6 9 34 13 7 15 
27 21 7 8 25 33 20 9 23 24 29 15 28 13 19 1 3 26 17 22 14 12 34 35 31 4 18 32 16 6 5 10 11 30 2 0 
15 11 28 33 25 9 14 13 26 3 22 21 20 35 1 34 23 18 12 29 5 7 30 8 4 32 27 24 10 0 17 6 19 31 2 16 
30 12 27 4 32 14 28 13 18 7 16 25 11 3 22 24 29 8 35 23 33 17 5 15 34 6 19 0 1 21 26 2 20 31 10 9 
15 7 22 29 16 18 33 21 0 3 14 11 13 35 12 34 20 26 19 4 10 24 5 32 9 25 8 31 2 1 23 27 28 6 17 30 
35 32 31 16 25 19 27 0 7 21 13 8 33 18 26 14 5 22 29 10 20 3 28 15 30 24 2 23 1 34 4 9 6 11 17 12 
0 21 12 33 25 31 34 4 19 1 14 23 5 30 32 26 28 2 6 27 8 22 11 3 13 35 9 7 20 10 16 24 29 18 15 17 
18 25 34 3 2 8 32 28 15 27 7 17 24 22 13 12 31 9 10 30 20 4 26 14 33 16 6 5 35 21 29 11 19 0 23 1 
34 1 2 12 19 11 15 0 6 3 28 29 23 10 9 25 8 4 35 14 7 26 16 24 5 32 27 33 31 17 20 22 13 30 21 18 
20 12 9 21 27 34 16 19 14 24 22 4 15 25 32 5 6 13 0 17 1 28 2 35 26 8 29 7 23 31 10 3 11 30 33 18 
14 21 19 9 24 32 16 25 30 2 7 11 22 4 28 35 27 10 0 34 3 17 8 31 18 12 26 33 23 15 29 20 6 5 13 1 
29 31 20 22 13 14 2 30 33 16 19 25 34 7 32 35 1 0 24 12 23 10 15 27 21 4 28 8 5 11 17 3 26 18 9 6 
29 14 17 8 5 7 28 13 1 31 30 33 4 32 20 25 10 3 21 22 24 2 26 9 6 23 11 19 34 35 16 18 15 27 12 0 
8 29 20 10 23 16 14 5 7 32 21 3 28 19 25 31 11 2 35 4 12 1 22 27 17 13 6 0 30 9 26 24 33 15 18 34 
14 8 22 12 21 23 26 5 1 13 32 31 17 0 16 4 30 34 2 24 15 6 28 25 18 19 3 35 9 11 20 33 29 27 7 10 
22 35 16 11 32 1 5 25 28 23 30 31 13 7 0 2 33 15 21 26 6 18 4 29 17 20 3 27 19 12 34 24 14 8 10 9 
27 15 10 6 7 28 33 23 31 11 24 8 34 21 1 22 17 14 30 2 32 18 9 29 25 4 13 26 0 16 19 35 12 5 20 3 
30 11 2 10 26 12 14 1 18 13 0 7 9 29 16 35 23 8 19 31 21 34 32 6 24 28 17 15 3 20 22 5 25 33 27 4 
15 25 16 13 35 19 20 5 32 30 17 14 11 6 21 3 7 18 34 1 28 22 0 4 24 31 12 10 27 23 33 2 29 9 26 8 
19 31 24 8 33 26 1 17 6 11 23 32 2 15 5 16 3 21 27 10 25 4 28 18 29 30 13 34 0 7 20 22 12 14 35 9 
1 2 31 35 21 29 15 28 11 9 18 27 20 8 25 14 0 23 4 13 24 30 6 7 17 26 16 33 12 10 22 34 3 19 32 5 
21 31 19 32 14 30 15 26 13 7 10 25 8 11 34 27 28 16 5 12 9 29 3 20 2 23 24 18 35 33 17 22 4 0 6 1 
15 27 26 31 28 8 9 22 21 0 6 29 1 25 14 20 23 30 34 3 7 16 19 2 11 12 10 35 33 17 18 24 13 5 32 4 
12 3 27 13 7 0 26 33 9 4 5 25 28 18 8 22 24 20 30 10 14 21 23 16 35 29 19 6 34 32 15 17 11 2 1 31 
0 26 28 25 15 29 6 27 24 35 32 13 11 4 5 10 16 14 20 1 34 33 30 7 8 23 9 22 3 19 21 31 18 2 12 17 
20 18 4 27 25 34 2 9 1 31 11 12 6 13 17 19 22 10 16 21 7 30 5 24 33 29 0 15 35 8 14 23 32 26 28 3 
7 33 26 2 9 3 23 35 16 30 18 10 0 31 20 12 34 1 25 5 27 11 28 6 15 17 8 32 14 21 29 4 13 19 24 22 
29 22 18 14 6 13 32 31 7 1 0 34 15 35 2 27 17 23 20 26 19 24 10 28 5 12 8 16 33 4 30 25 21 9 11 3 
29 16 21 22 12 17 13 26 27 1 2 33 14 23 25 9 7 19 3 30 4 35 18 6 32 8 11 15 0 31 20 5 24 28 34 10 
30 27 34 4 1 18 33 25 16 2 29 21 22 20 0 8 9 28 31 3 26 13 35 23 5 11 19 12 7 15 17 24 14 10 6 32 
26 16 21 4 8 30 14 32 23 31 9 20 7 15 29 6 18 13 3 12 24 5 35 19 33 22 1 10 11 25 34 0 17 28 27 2 
6 5 15 8 32 31 18 7 25 14 12 29 33 3 0 4 35 1 20 17 34 23 22 21 11 16 26 24 9 30 27 28 2 19 10 13 
20 2 0 7 25 28 16 26 9 24 4 34 17 22 11 32 6 35 21 18 8 19 13 31 12 14 23 27 33 3 10 29 30 1 5 15 
12 11 9 31 33 8 5 26 3 27 25 2 14 19 7 18 0 32 6 10 35 20 30 23 21 34 28 4 15 24 16 29 13 1 17 22 
10 30 3 1 34 19 29 16 12 13 20 23 14 21 7 27 6 32 28 35 22 4 25 8 15 11 31 17 9 33 2 5 24 26 18 0 
33 2 10 13 11 7 34 9 5 21 26 24 17 6 16 22 0 25 35 15 3 14 27 30 8 4 19 18 1 12 32 20 31 29 28 23 
16 33 21 17 23 22 0 35 24 15 19 6 3 10 20 28 27 26 32 25 5 14 29 1 7 4 34 2 11 18 31 13 8 30 12 9 
2 13 31 33 12 21 20 8 9 18 30 10 28 27 22 29 26 6 11 16 1 15 34 32 19 25 17 5 35 7 0 4 14 24 23 3 
26 20 27 3 10 9 18 31 12 29 25 19 34 2 5 22 33 4 28 8 35 1 16 21 32 11 24 15 6 23 0 7 17 30 13 14 
25 34 15 17 4 8 35 33 23 18 5 13 31 12 27 6 16 7 26 3 19 21 0 29 10 20 14 9 30 22 32 24 11 1 2 28 
25 32 4 13 29 6 14 16 8 26 10 27 12 21 28 33 24 0 9 7 30 2 35 11 19 23 1 3 22 15 31 34 5 20 18 17 
4 6 24 34 12 18 31 14 32 19 35 8 17 22 16 13 3 2 21 29 15 7 0 30 27 23 33 10 11 1 5 26 20 25 28 9 
22 3 31 15 33 21 0 17 6 27 30 34 25 26 11 4 9 18 1 28 23 14 19 24 32 10 8 35 16 20 13 5 7 2 12 29 
32 19 30 1 27 17 7 31 9 21 16 11 0 4 26 34 2 8 20 35 5 12 15 13 33 29 6 14 25 10 18 22 23 24 28 3 
24 31 32 11 3 2 22 35 21 5 27 6 34 33 7 29 17 12 20 4 10 30 23 19 25 8 0 16 14 26 9 15 13 18 28 1 
14 20 24 2 6 13 7 0 34 15 25 30 27 17 26 19 5 33 28 10 3 8 31 22 18 4 35 32 9 29 12 23 1 21 16 11 
16 8 27 31 0 20 15 25 17 33 3 9 4 2 30 22 34 6 35 23 24 1 13 26 32 12 5 11 21 14 28 7 19 18 29 10 
9 31 15 18 22 14 13 11 12 28 32 3 30 4 2 1 5 26 19 35 10 29 23 8 24 20 34 27 16 21 17 33 0 7 6 25 
0 19 16 27 3 31 14 5 33 28 20 18 29 4 30 12 22 25 15 34 11 8 21 1 9 24 32 2 10 23 7 13 6 35 26 17 
1 19 12 18 14 35 8 23 0 7 25 20 2 24 29 3 4 22 26 10 21 9 6 11 30 27 17 16 33 28 13 31 5 32 15 34 
23 11 18 10 19 15 5 21 14 25 9 33 27 29 8 7 2 0 31 28 17 35 1 30 6 22 3 34 4 32 26 12 20 13 16 24 
4 10 7 35 30 9 24 34 3 27 11 17 13 2 0 29 12 1 26 28 5 31 6 8 33 23 14 25 16 20 18 22 32 19 15 21 
3 22 11 19 9 20 21 31 14 10 28 0 18 30 4 34 15 8 32 24 23 16 1 29 17 33 12 26 13 25 2 6 35 7 5 27 
14 16 34 19 21 20 25 15 11 2 10 8 35 13 17 24 33 32 1 0 23 31 9 4 27 3 5 29 12 28 6 26 18 30 7 22 
10 19 14 3 22 29 32 17 0 8 24 11 1 34 20 27 16 4 31 33 15 30 7 23 26 6 2 18 28 13 12 5 25 21 35 9 
1 0 18 26 31 4 8 15 25 10 23 2 33 7 13 34 32 14 6 30 9 12 16 17 19 28 11 20 22 24 27 3 21 5 35 29 
26 18 23 34 8 3 30 28 27 13 0 33 5 2 16 25 17 31 35 11 12 14 4 6 15 29 10 1 24 9 19 32 20 7 22 21 
5 3 19 15 35 30 32 2 8 17 4 23 16 11 14 21 13 20 10 0 24 6 33 12 27 34 26 7 25 31 22 28 1 9 29 18 
9 26 31 22 29 18 10 24 27 7 28 6 2 34 11 8 25 14 19 12 20 35 23 33 21 13 3 32 16 4 15 0 17 1 5 30 
4 13 33 27 29 15 23 18 9 20 5 30 17 7 28 1 12 19 11 16 6 21 32 35 25 10 31 24 22 26 8 2 14 34 0 3 
3 32 23 33 26 1 15 10 12 2 19 8 22 28 13 17 27 34 14 21 31 4 30 16 0 5 11 25 20 18 9 29 24 6 35 7 
35 33 25 12 22 2 30 14 34 27 17 6 28 10 9 3 20 21 31 11 15 19 0 13 4 24 18 23 29 1 7 16 5 8 26 32 
10 7 8 9 11 5 20 16 6 32 35 13 1 34 28 2 29 19 3 26 27 30 15 31 21 0 18 23 12 33 14 17 24 22 25 4 
33 4 6 34 16 26 21 11 12 18 8 35 10 27 3 19 24 1 15 23 28 22 17 32 9 29 14 7 30 0 31 13 2 20 25 5 
11 30 33 9 29 15 21 4 22 23 27 35 26 17 19 28 6 34 18 7 16 20 8 10 24 0 14 31 13 5 25 3 32 12 1 2 
2 5 23 22 26 17 11 25 35 16 7 14 1 27 29 6 20 12 24 31 9 4 19 8 3 0 15 21 10 34 28 30 18 13 32 33 
20 33 30 28 13 11 9 27 12 8 7 17 26 15 16 6 31 3 0 14 34 24 5 19 1 21 22 29 35 32 10 2 4 25 18 23 
17 27 16 35 24 12 19 8 33 4 28 3 9 31 22 34 7 10 2 20 11 30 5 32 1 21 0 18 23 26 25 6 29 13 15 14 
31 5 26 32 17 18 34 23 2 10 21 3 20 7 25 15 8 11 35 29 16 12 27 22 0 28 14 24 13 6 19 1 30 33 4 9 
33 5 32 19 35 15 3 0 13 20 16 4 17 34 28 26 11 23 18 21 30 1 12 27 9 14 25 24 31 8 2 10 6 29 22 7 
11 32 16 30 24 35 13 34 27 2 29 3 12 5 8 0 6 20 26 9 21 31 1 33 7 25 18 15 14 23 28 4 22 17 10 19 
11 2 3 24 0 4 33 29 15 30 19 20 18 28 14 21 32 13 34 7 12 6 10 5 1 31 35 17 25 16 9 27 23 8 26 22 
1 7 0 27 31 24 10 12 14 29 19 18 26 15 34 33 20 17 9 32 6 8 30 3 4 22 11 23 2 5 28 21 13 25 16 35 
32 10 30 11 19 17 6 21 29 12 4 16 2 8 15 14 7 3 18 34 13 31 23 0 22 5 26 35 25 27 20 33 1 9 24 28 
29 12 11 27 9 20 18 34 1 6 8 7 28 2 10 15 26 25 33 31 4 19 17 21 16 32 3 35 22 0 14 23 5 24 13 30 
11 28 10 25 19 24 20 30 31 9 18 14 26 15 0 33 4 29 21 32 16 17 3 1 12 5 7 35 6 27 23 2 8 22 34 13 
8 28 22 9 24 2 14 32 6 17 18 13 33 15 5 19 20 11 26 10 16 27 31 1 3 7 0 12 21 34 25 30 35 23 29 4 
13 17 4 18 26 22 30 19 14 2 20 11 31 35 15 32 3 33 7 5 0 25 6 29 12 24 16 1 8 21 9 23 34 28 27 10 
26 13 7 23 9 17 2 21 27 6 35 12 11 1 30 18 20 28 16 24 3 10 31 0 19 34 25 33 15 32 22 29 14 4 5 8 
28 13 17 3 30 1 15 12 35 32 14 10 4 27 5 0 6 26 18 25 20 21 29 33 34 16 24 19 8 7 23 22 11 31 2 9 
16 33 23 35 22 13 25 15 4 24 19 7 34 9 10 28 31 8 0 11 20 5 1 14 12 30 29 27 17 3 26 21 6 18 32 2 
31 13 10 14 26 29 34 23 7 0 20 9 22 19 5 16 21 35 24 8 18 3 15 4 25 1 6 12 17 33 30 11 28 32 2 27 
6 21 0 19 16 20 26 7 3 5 13 24 25 34 22 10 4 9 35 29 2 15 17 23 1 14 30 33 12 18 27 31 28 32 8 11 
20 4 8 27 17 3 12 1 10 14 32 25 18 22 2 28 16 24 34 5 26 33 15 7 19 35 13 31 6 29 23 0 21 11 30 9 
20 27 16 32 23 25 22 35 17 2 31 12 1 24 26 34 21 6 3 5 7 0 19 11 14 13 10 8 29 4 15 28 30 18 9 33 
8 31 32 7 1 0 16 21 30 13 3 24 27 10 33 11 25 17 5 2 4 6 9 22 35 14 19 34 18 23 29 28 26 15 20 12 
15 13 16 35 32 26 22 19 10 29 9 3 28 4 6 21 5 25 33 23 14 8 7 30 34 11 17 2 12 1 18 31 27 0 24 20 
29 34 32 21 7 18 10 0 28 13 6 12 20 24 5 1 16 4 31 27 17 33 19 23 14 15 35 9 3 11 8 25 22 30 26 2 
35 6 15 19 20 14 11 18 13 29 25 0 31 30 1 16 23 5 10 24 17 34 33 9 26 12 3 22 28 32 7 27 8 21 2 4 
24 28 29 5 34 7 6 19 12 35 17 10 23 21 26 3 30 25 22 31 1 13 8 27 16 20 11 4 2 9 14 18 0 15 32 33 
26 11 32 13 14 35 8 16 4 21 19 28 20 3 2 24 0 23 29 31 30 10 5 1 25 9 33 22 6 18 12 34 7 27 17 15 
31 21 27 34 17 33 11 13 26 6 35 18 10 16 7 3 25 30 0 1 2 28 5 15 8 24 22 4 9 14 23 19 12 32 20 29 
10 1 12 25 33 7 5 15 17 23 11 0 18 30 29 20 32 9 16 14 21 3 28 34 31 2 8 24 6 26 4 22 35 27 19 13 
28 11 13 31 29 5 23 7 10 18 25 33 3 34 32 30 0 27 35 4 16 1 17 12 15 26 21 22 2 19 20 24 14 6 9 8 
25 27 15 34 19 17 14 22 13 6 7 11 35 5 23 3 28 1 10 24 31 33 4 20 9 0 26 18 32 12 2 8 29 21 30 16 
35 34 0 19 15 29 4 7 11 30 24 2 13 28 31 23 25 26 33 10 22 9 16 12 17 27 8 5 21 6 20 18 14 1 32 3 
23 22 7 33 14 15 19 18 20 13 34 28 29 35 6 16 27 24 4 17 5 12 32 0 10 11 2 21 26 3 31 8 30 1 25 9 
22 26 10 1 11 27 32 34 19 8 6 21 4 16 15 13 12 18 30 17 28 23 0 35 33 3 7 9 2 31 20 14 25 24 29 5 
29 32 34 8 3 0 7 6 25 12 13 24 31 14 23 22 33 18 2 21 9 16 1 30 26 28 19 10 4 17 20 15 27 5 11 35 
31 34 3 20 7 1 10 0 24 27 9 13 29 8 15 23 28 19 4 16 18 33 25 14 2 21 30 32 12 11 17 26 35 5 22 6 
2 23 35 27 9 21 0 29 31 17 10 26 7 32 33 16 18 19 28 4 25 15 14 22 8 24 3 20 5 30 11 1 34 13 12 6 
23 35 29 25 6 31 4 26 10 15 3 12 30 19 27 21 8 28 11 7 33 14 34 17 5 1 20 0 24 32 16 2 13 22 9 18 
12 29 1 33 8 0 32 22 30 26 21 28 11 16 34 20 14 13 35 24 15 27 25 5 7 23 4 19 10 3 31 18 6 9 17 2 
21 27 4 25 7 11 8 18 26 35 29 32 31 16 13 34 2 6 9 17 10 14 22 30 12 0 33 3 19 24 28 15 20 1 5 23 
20 23 24 22 1 33 17 13 15 8 16 7 3 30 6 9 18 19 31 4 14 25 34 5 2 11 28 21 27 26 32 10 0 35 12 29 
22 20 24 32 33 29 25 30 1 8 31 3 13 11 10 35 9 6 16 12 0 5 14 15 27 26 21 4 19 28 17 18 7 2 34 23 
19 10 1 22 15 31 33 11 27 6 4 26 13 14 8 7 25 32 30 16 9 21 5 0 2 34 12 35 3 17 20 23 18 28 24 29 
11 13 8 28 7 2 16 30 29 34 5 27 4 0 22 25 9 1 18 32 19 17 12 26 6 23 15 24 14 10 31 20 35 3 21 33 
26 13 1 16 35 23 34 19 22 8 3 25 21 4 0 9 33 18 15 11 27 31 29 7 32 20 6 12 24 30 28 5 2 10 14 17 
4 35 22 5 1 28 33 29 20 26 24 23 8 18 27 16 13 11 17 21 25 30 9 34 15 0 3 2 10 6 14 7 12 19 32 31 
32 13 4 25 7 3 27 12 10 28 29 9 31 18 34 21 20 2 1 23 16 35 19 11 5 26 22 30 17 0 24 33 6 15 8 14 
9 18 5 34 30 32 2 11 29 28 19 25 15 23 12 31 26 7 17 1 16 27 20 4 33 14 21 24 13 10 6 22 35 0 3 8 
32 0 2 7 3 4 15 1 14 19 23 24 17 35 16 27 5 20 28 13 6 30 25 22 21 34 29 10 26 8 11 18 12 31 9 33 
30 12 22 35 18 11 24 15 28 23 4 32 3 25 2 9 6 13 8 5 33 31 17 26 27 34 16 1 20 29 21 14 10 7 19 0 
31 29 27 21 8 13 19 23 6 34 9 35 16 22 32 10 17 30 15 33 25 14 26 20 24 4 2 0 7 3 12 1 28 18 11 5 
2 7 33 14 21 1 8 24 12 32 0 16 35 4 29 6 28 18 25 22 3 27 34 31 23 11 30 20 13 17 15 9 10 26 19 5 
32 21 33 28 30 1 10 34 0 31 16 4 18 7 5 15 24 29 25 23 22 12 17 2 9 19 13 35 27 8 6 14 11 20 3 26 
28 2 26 22 21 13 14 16 34 7 0 8 33 30 11 3 24 1 35 9 32 6 15 18 29 19 10 20 23 12 31 27 5 25 4 17 
18 20 35 26 27 13 12 25 31 14 33 34 4 30 15 17 28 23 21 19 0 1 2 10 16 29 8 11 9 22 32 6 5 3 24 7 
25 23 2 4 19 17 11 26 28 33 32 24 3 1 20 9 5 27 12 29 0 18 8 7 14 15 30 35 34 21 22 10 31 13 6 16 
21 14 24 9 32 8 17 25 4 30 29 5 18 12 28 16 31 2 20 10 0 3 35 11 34 7 19 6 23 26 33 13 27 15 1 22 
25 20 26 19 0 18 17 27 23 15 34 21 3 8 28 7 14 24 1 12 13 35 30 22 10 6 29 31 9 4 11 5 2 32 16 33 
12 20 13 32 23 2 7 8 1 22 3 10 6 17 29 35 0 27 26 18 5 28 4 34 9 24 15 11 25 33 14 16 19 21 30 31 
27 1 34 2 3 0 10 29 13 18 6 15 24 32 20 5 19 21 28 22 25 12 16 33 7 35 4 11 30 23 14 17 31 8 26 9 
11 7 19 18 31 5 23 25 22 35 26 15 16 24 9 0 13 27 12 1 28 20 2 4 8 6 34 17 33 29 21 14 3 30 10 32 
18 33 34 30 26 29 3 27 19 1 32 16 0 8 35 2 4 25 5 28 20 11 10 7 6 17 12 22 23 31 24 9 13 14 15 21 
2 29 9 13 3 22 19 34 0 4 20 18 8 35 31 16 14 5 33 28 10 15 32 7 23 12 25 30 21 17 24 27 6 1 11 26 
34 27 18 1 12 25 23 26 35 30 13 14 5 32 19 28 4 2 7 9 3 6 17 29 15 31 0 10 8 22 11 21 16 20 24 33 
20 15 27 21 10 25 17 13 12 23 18 34 2 35 28 33 6 8 4 22 16 7 24 26 31 30 9 0 5 29 14 32 11 1 3 19 
31 35 14 0 12 16 9 27 13 11 7 26 30 34 19 15 2 6 10 29 1 3 21 17 32 20 4 25 24 23 8 33 5 28 22 18 
2 6 18 9 30 24 14 28 1 4 11 31 10 3 33 17 16 19 22 32 8 15 13 5 7 26 27 35 12 23 34 29 25 0 20 21 
23 15 3 7 17 12 32 11 27 19 2 18 8 14 10 31 9 35 26 1 20 4 28 30 22 34 6 33 0 29 25 5 24 21 13 16 
27 0 19 32 6 8 3 24 17 26 18 31 5 9 29 7 12 25 14 33 30 20 4 21 34 1 10 28 11 16 13 15 22 23 2 35 
30 1 14 21 15 7 10 35 2 24 32 31 27 29 8 16 25 13 3 28 26 11 20 6 0 12 18 17 5 23 33 19 9 4 22 34 
14 31 17 20 16 15 23 6 12 28 32 34 5 18 1 13 0 33 35 24 4 21 3 26 10 19 22 27 2 11 8 7 9 29 30 25 
7 13 30 31 0 21 8 28 29 17 16 23 32 9 18 25 24 20 26 19 3 10 34 5 4 1 12 2 6 35 27 14 11 33 15 22 
7 31 34 14 30 17 22 11 27 18 0 24 28 3 33 2 9 5 15 23 6 1 4 13 21 32 25 8 16 20 29 19 12 10 35 26 
11 10 19 0 4 3 30 28 16 27 15 29 6 20 33 26 12 5 31 21 35 2 17 9 7 14 24 1 13 34 8 32 25 23 22 18 
9 0 14 21 5 8 3 12 10 11 7 31 6 35 25 23 1 18 30 27 2 16 4 28 24 17 34 20 26 33 13 32 22 15 19 29 
30 1 14 15 7 5 31 32 33 18 19 25 27 17 23 11 29 6 10 16 0 22 4 35 21 3 12 20 8 26 34 2 13 28 24 9 
24 18 3 29 1 16 11 6 9 28 21 20 26 23 7 30 25 0 27 35 15 13 10 19 14 31 32 2 33 22 8 34 5 12 4 17 
27 23 6 14 21 19 10 2 17 15 12 25 5 34 3 29 32 30 35 9 0 24 11 31 16 28 22 33 20 8 18 7 4 26 13 1 
30 27 11 20 31 29 13 22 19 16 9 10 0 12 33 35 15 18 32 6 3 14 4 28 17 25 26 5 21 2 1 23 24 34 7 8 
34 26 25 24 5 33 20 17 7 32 13 10 1 11 16 28 14 15 23 12 0 4 27 22 2 31 6 35 3 19 8 30 21 9 18 29 
5 11 27 28 7 6 13 21 17 14 15 10 34 30 19 31 26 22 23 16 2 32 33 9 12 4 24 18 8 20 1 29 25 0 35 3 
31 23 28 33 8 11 20 25 19 18 26 17 32 35 3 24 0 4 2 12 27 15 16 1 22 29 10 13 30 5 34 14 7 9 6 21 
19 13 11 30 29 0 31 3 20 28 24 16 6 9 1 22 25 33 18 34 35 14 8 23 15 12 5 10 27 17 4 21 2 32 7 26 
11 12 22 4 25 29 31 7 34 10 23 6 14 15 33 19 35 28 0 30 17 26 8 5 18 1 9 3 32 21 16 13 27 2 24 20 
3 7 14 28 25 20 9 31 1 17 23 26 13 2 27 0 33 30 34 15 22 16 21 11 10 6 35 12 18 5 24 8 19 29 32 4 
19 2 1 3 29 27 21 14 7 20 24 35 4 10 30 25 23 26 22 11 31 32 13 6 34 5 16 0 12 18 15 8 17 9 28 33 
26 14 10 0 1 18 12 28 35 25 16 33 5 23 30 13 21 2 7 27 29 4 15 3 31 34 32 11 17 22 19 9 6 20 24 8 
35 21 10 16 34 25 30 31 0 13 5 4 32 8 24 22 17 12 6 3 18 29 14 2 7 15 27 9 1 19 20 23 26 28 33 11 
21 25 31 0 16 15 30 17 27 18 1 34 28 22 32 3 8 12 35 5 19 2 33 7 9 14 4 29 24 23 26 6 20 13 11 10 
27 15 1 20 10 24 35 30 11 33 7 9 32 6 5 16 18 4 12 2 19 23 14 8 29 26 13 21 34 31 17 25 0 3 22 28 
27 22 30 1 8 18 11 17 19 6 9 35 13 16 29 7 2 15 21 24 25 32 26 5 0 14 28 3 33 31 10 34 20 12 4 23 
18 28 3 5 11 35 10 12 2 7 21 23 20 34 0 31 24 19 22 26 1 27 9 33 14 15 6 29 16 30 25 8 17 4 13 32 
17 31 21 0 11 18 22 1 8 7 6 33 10 12 28 20 3 25 35 4 32 5 2 30 16 34 23 15 29 26 19 9 14 13 27 24 
35 6 12 3 33 21 28 29 16 23 24 8 2 7 15 0 14 5 22 27 10 17 19 20 4 9 31 25 34 13 32 18 1 11 26 30 
6 34 35 29 24 0 32 4 23 21 31 11 1 18 26 17 28 25 15 19 22 33 12 2 5 14 10 16 3 20 7 30 13 27 9 8 
30 27 0 4 29 6 17 1 31 12 25 34 9 10 35 20 33 8 19 32 5 21 18 24 3 16 13 28 11 22 15 23 14 26 2 7 
7 19 23 18 28 32 1 24 25 3 29 13 6 34 14 35 26 15 11 22 30 8 17 31 20 12 2 27 33 9 21 0 10 16 5 4 
10 26 8 14 31 35 12 33 5 20 32 21 18 15 3 28 25 7 0 16 4 13 1 24 27 9 17 29 30 34 2 6 23 11 19 22 
16 13 33 32 34 30 17 14 2 23 5 0 21 12 4 27 25 6 8 1 24 31 15 22 29 18 35 9 28 19 3 7 10 26 20 11 
27 15 33 23 28 6 1 16 26 22 30 19 14 34 21 2 35 0 25 29 5 18 3 17 4 20 10 31 32 7 8 11 9 12 24 13 
6 4 12 22 5 2 33 0 17 31 29 7 9 11 35 14 15 24 34 32 13 30 10 3 26 23 1 8 25 18 16 20 19 28 21 27 
16 5 29 24 32 2 14 1 9 13 20 11 34 35 19 25 3 12 17 15 30 6 18 23 10 0 27 26 31 4 22 33 7 8 28 21 
31 29 23 33 8 18 30 3 20 19 21 2 26 6 14 11 16 4 13 25 28 34 15 32 35 24 5 27 22 12 17 10 9 0 1 7 
9 21 5 16 23 34 18 15 13 30 19 32 1 31 10 4 24 22 7 29 20 26 12 28 27 25 3 6 17 35 11 8 0 2 33 14 
30 12 13 17 11 10 21 25 34 14 16 28 1 18 7 9 20 22 23 33 5 8 0 4 15 32 27 35 24 2 26 6 29 19 3 31 
34 5 18 7 27 13 1 30 9 14 8 26 25 22 20 16 29 15 10 33 31 24 3 23 19 11 17 4 0 32 2 12 21 28 6 35 
29 13 25 31 10 30 18 2 6 28 19 4 11 16 27 7 34 1 24 9 8 3 12 21 22 5 23 15 17 26 35 32 33 0 14 20 
29 16 27 14 6 34 22 11 26 4 18 3 32 35 8 12 33 28 19 30 1 2 10 15 13 17 21 23 9 20 0 24 25 31 7 5 
22 7 23 19 25 26 20 1 8 3 2 15 33 28 13 14 29 32 6 9 0 24 12 35 31 4 10 11 34 30 17 5 16 18 21 27 
13 18 32 27 31 33 28 5 10 1 3 35 17 2 25 14 6 9 20 8 24 11 16 19 4 0 30 22 23 26 21 34 29 7 15 12 
31 4 24 1 30 22 9 5 28 15 6 8 17 23 11 2 18 3 33 26 21 19 0 12 29 20 25 13 10 14 34 16 27 7 32 35 
21 33 16 24 18 9 34 22 17 23 7 14 25 2 30 31 3 11 6 19 0 26 20 15 27 8 10 32 4 5 28 12 1 29 35 13 
11 9 22 7 12 1 15 29 32 34 17 21 33 0 24 31 10 26 16 2 27 3 6 35 13 14 20 25 18 8 30 23 19 4 28 5 
14 21 33 3 2 24 27 10 12 9 35 29 5 17 4 25 16 19 1 20 23 28 0 30 22 8 7 31 34 18 15 6 32 13 26 11 
10 28 2 12 21 3 20 33 6 4 32 0 35 27 30 1 9 26 29 31 14 16 7 24 25 34 13 5 19 23 17 8 22 18 11 15 
3 5 15 0 4 7 35 16 20 13 17 28 23 9 32 34 14 26 8 27 29 22 11 33 25 10 18 30 12 31 1 19 2 21 6 24 
35 29 9 8 23 16 5 22 31 14 6 12 18 25 0 10 17 1 3 2 30 28 27 26 21 4 33 13 24 15 34 32 20 11 7 19 
16 25 29 30 1 19 28 20 8 11 5 12 9 17 2 26 33 22 4 6 32 10 15 24 18 14 0 21 27 3 34 31 7 13 23 35 
10 12 30 20 9 31 0 2 25 33 11 15 7 29 26 16 34 19 18 35 6 24 3 21 13 8 28 5 27 17 4 23 1 14 32 22 
16 4 17 27 25 21 29 23 7 35 13 31 32 9 18 6 14 1 24 10 26 33 0 22 15 11 30 28 3 5 12 34 8 2 20 19 
12 28 5 14 35 8 18 31 10 7 24 34 25 33 19 29 9 23 0 30 27 6 22 26 3 2 13 20 21 11 32 1 4 17 15 16 
22 20 31 5 16 10 14 29 8 26 9 24 25 21 13 4 19 12 0 1 3 33 23 34 17 18 2 30 6 28 15 11 35 7 32 27 
12 29 31 22 10 16 27 28 18 3 6 11 34 32 19 13 15 26 9 8 25 24 20 35 23 17 4 1 7 2 14 21 33 5 0 30 
13 4 31 1 24 9 26 6 22 19 27 20 16 5 12 18 0 21 25 35 32 34 15 7 10 8 2 28 33 30 23 17 29 3 11 14 
16 5 21 8 14 30 35 23 26 10 15 27 1 28 0 25 22 24 7 9 19 31 29 11 18 20 3 32 6 12 2 33 34 13 17 4 
15 3 5 23 11 16 17 30 28 13 31 22 34 21 2 14 25 19 6 20 24 9 18 7 27 33 0 26 35 29 32 8 4 10 12 1 
0 22 32 30 26 7 5 8 29 24 12 16 14 31 9 3 1 15 35 10 21 28 20 18 2 6 25 34 19 4 11 13 27 17 23 33 
3 27 0 31 16 32 12 28 7 23 24 29 26 30 25 17 11 2 20 18 8 10 6 4 34 35 15 33 5 13 21 1 9 22 14 19 
3 13 16 23 33 35 29 7 34 30 1 26 21 10 25 0 22 28 24 11 12 32 6 9 14 2 31 27 20 17 4 18 5 19 8 15 
27 32 22 18 25 21 30 10 17 11 16 26 23 13 35 8 29 0 12 1 33 15 2 5 7 24 28 3 9 4 19 6 31 14 20 34 
33 26 23 31 6 28 12 27 35 14 17 13 4 5 3 0 19 16 7 32 25 34 21 2 11 1 24 29 9 18 30 10 15 22 8 20 
5 8 22 24 17 33 19 6 27 4 26 20 28 35 29 1 30 0 9 12 31 15 18 7 25 11 34 2 14 21 3 16 23 32 13 10 
1 29 28 27 19 8 10 11 35 9 22 7 3 15 26 4 17 13 12 21 5 34 32 18 2 23 30 0 6 24 16 33 20 25 31 14 
11 23 22 19 2 33 12 16 21 30 5 7 3 17 1 18 8 34 32 15 20 0 27 35 29 31 13 26 28 25 24 6 10 4 14 9 
30 3 26 17 20 10 24 6 32 34 31 8 18 21 15 28 13 14 35 1 23 19 12 25 0 29 9 4 5 27 33 11 2 16 22 7 
15 2 31 8 18 27 10 28 19 25 13 5 14 33 12 32 6 16 30 24 22 20 4 7 29 34 35 17 21 11 26 1 9 3 0 23 
34 18 31 2 5 14 1 4 11 35 19 10 26 30 8 13 20 27 15 7 16 0 6 32 17 28 9 21 25 12 33 29 3 23 22 24 
10 34 13 5 0 3 29 20 15 9 32 12 11 18 21 6 23 33 35 1 17 4 28 19 2 26 22 24 25 14 27 7 16 8 31 30 
32 33 30 3 7 15 1 0 4 10 31 24 28 14 27 29 25 34 12 9 35 6 26 20 13 21 11 17 23 8 16 5 22 19 18 2 
27 10 31 22 21 12 25 30 33 2 26 18 1 19 8 4 9 23 11 28 24 29 16 3 14 0 32 20 7 34 35 15 6 5 13 17 
20 7 35 2 28 10 3 9 21 8 24 0 14 34 30 31 1 22 17 25 16 4 26 32 19 5 6 23 29 11 12 13 18 27 33 15 
12 22 10 9 11 30 34 33 1 23 17 4 35 3 13 8 21 0 5 18 28 15 29 24 25 6 7 2 31 20 19 27 26 32 14 16 
28 12 15 11 31 21 0 20 13 34 2 4 8 33 17 5 22 25 26 14 9 3 24 6 29 23 16 18 35 32 27 10 7 30 1 19 
34 5 7 23 31 30 26 15 10 21 22 17 28 6 9 12 11 20 14 1 13 4 19 33 8 32 16 2 0 18 24 3 27 25 29 35 
15 21 5 24 9 14 6 31 0 11 25 12 26 20 17 34 16 33 10 30 32 4 18 27 29 1 19 3 35 13 8 7 28 23 22 2 
13 9 25 34 16 29 1 12 7 35 27 26 0 22 24 10 15 6 30 5 8 3 20 4 32 19 33 2 18 21 23 31 28 17 14 11 
10 32 25 9 17 3 31 8 18 26 29 4 0 5 14 15 22 30 1 7 23 33 24 2 16 28 12 11 19 35 27 6 13 34 20 21 
24 19 9 23 27 4 3 30 8 13 15 22 20 6 7 33 21 35 5 2 34 18 31 29 25 28 17 32 10 1 14 12 0 26 11 16 
6 14 24 13 30 26 10 8 31 35 21 27 15 32 34 0 17 1 5 29 4 22 9 2 11 16 12 3 18 19 20 25 28 33 7 23 
8 4 25 34 32 16 24 7 19 21 5 18 15 29 14 11 17 27 26 6 30 20 31 3 0 1 22 10 33 13 23 12 9 28 35 2 
1 33 17 13 22 3 29 25 34 19 28 18 31 30 16 24 20 8 32 27 23 15 21 26 0 9 10 4 12 6 7 14 35 11 2 5 
30 32 29 33 27 22 18 0 35 9 4 15 7 21 20 28 5 14 8 1 11 17 34 10 19 25 26 3 12 2 6 31 24 23 13 16 
6 3 20 8 28 4 22 19 7 27 2 10 30 5 31 12 35 18 0 16 1 15 29 17 14 33 34 23 32 13 21 11 9 25 26 24 
32 23 21 24 20 11 8 7 22 18 13 6 3 2 17 12 14 25 16 28 15 27 35 30 26 5 0 19 4 33 34 1 10 31 29 9 
32 21 31 4 17 12 26 11 1 2 13 5 33 19 18 27 22 34 10 30 14 24 23 8 28 29 0 20 16 25 3 15 7 9 6 35 
25 34 1 27 17 31 10 5 22 19 7 9 14 11 0 29 3 30 20 21 26 16 12 35 6 18 2 24 8 23 15 28 33 4 13 32 
35 11 34 1 7 24 4 9 3 8 16 33 29 30 20 10 19 28 18 15 12 26 6 31 23 5 14 0 17 2 27 21 13 32 25 22 
31 9 7 6 16 11 22 35 27 2 15 4 34 18 12 32 10 30 17 25 8 28 24 33 19 20 29 21 1 14 3 0 13 5 23 26 
22 2 6 17 8 15 30 31 27 7 9 12 29 18 13 28 14 3 1 32 0 21 11 33 4 16 23 10 19 34 26 25 35 24 20 5 
30 22 26 13 21 20 3 19 7 14 15 12 25 4 5 16 17 24 27 23 35 11 6 0 2 32 10 8 18 34 1 33 28 31 9 29 
2 17 24 13 16 15 33 30 1 25 20 21 8 7 31 6 0 34 35 19 10 3 12 14 5 22 11 29 28 27 23 9 32 18 4 26 
9 17 33 2 16 0 6 25 35 31 32 20 21 24 26 14 18 7 3 27 15 8 23 10 11 28 13 34 5 29 12 19 1 4 30 22 
15 4 31 18 32 13 21 12 33 25 35 16 34 5 20 17 19 0 10 22 8 9 29 24 7 23 3 2 28 11 14 26 6 1 27 30 
2 11 8 14 22 24 18 16 25 28 35 12 20 5 19 21 17 29 13 10 23 34 33 9 0 7 15 4 26 6 27 30 31 1 3 32 
22 9 8 14 6 25 12 28 24 7 10 32 19 30 21 13 4 11 20 5 29 17 34 15 0 16 33 2 3 18 27 35 23 1 31 26 
12 27 21 24 18 7 32 33 19 31 4 15 29 1 0 26 9 5 16 17 8 23 22 3 2 35 28 14 20 30 13 6 10 34 11 25 
17 34 19 33 13 4 31 28 24 8 23 21 10 26 1 2 22 15 14 5 16 25 32 7 18 0 20 3 29 35 6 27 30 12 11 9 
7 28 20 27 12 32 18 11 4 31 8 5 29 0 13 35 34 33 3 17 22 23 2 1 10 6 24 14 25 30 15 16 19 9 21 26 
16 1 4 29 2 20 18 15 27 22 21 26 34 17 0 30 7 6 31 19 23 13 32 5 3 33 8 14 12 11 24 28 25 10 35 9 
26 10 15 14 25 24 7 19 35 23 34 13 11 30 29 1 5 9 4 18 20 0 32 31 16 8 28 27 22 2 6 21 33 12 17 3 
10 15 13 2 7 11 23 26 4 6 12 30 17 3 19 32 35 34 21 14 29 25 28 18 31 5 0 33 16 24 1 22 9 8 20 27 
12 15 33 24 30 6 23 26 14 17 0 10 29 31 22 27 16 7 4 25 32 18 1 20 34 3 35 8 19 21 11 2 9 5 28 13 
0 34 13 35 25 29 17 27 23 20 10 6 16 21 18 14 3 22 1 11 12 24 5 31 28 32 4 33 15 2 7 30 9 19 8 26 
6 32 24 13 0 17 4 14 2 20 19 23 11 16 10 28 1 21 31 25 15 33 27 3 9 26 22 34 18 5 30 7 12 29 8 35 
25 4 1 20 15 10 19 18 21 13 12 29 35 14 33 34 3 28 22 8 7 6 32 9 31 0 2 23 24 30 11 16 17 5 27 26 
30 4 26 29 28 33 3 9 6 34 12 24 17 25 31 20 7 22 23 1 0 19 5 35 18 2 15 14 32 16 13 8 27 10 11 21 
20 17 30 33 9 23 11 35 8 1 31 26 5 4 25 34 32 21 3 0 29 18 22 12 10 15 27 14 13 28 7 2 19 6 24 16 
20 9 5 1 8 17 6 33 13 15 0 2 21 25 30 32 11 3 29 23 31 27 24 10 19 35 4 18 34 12 7 26 16 22 28 14 
20 14 1 34 35 13 9 28 18 2 31 7 8 25 29 30 12 22 16 33 3 23 6 24 19 0 5 15 17 21 32 26 10 4 27 11 
12 34 9 15 23 24 18 7 31 8 30 1 0 26 11 33 27 29 16 21 2 20 4 32 5 6 28 22 19 17 25 14 13 3 35 10 
27 26 16 33 35 13 10 3 21 15 5 14 23 28 12 24 34 11 4 25 6 31 20 1 2 29 19 17 8 18 7 0 9 22 32 30 
28 8 34 0 15 23 2 10 33 7 4 35 18 20 3 17 21 5 22 14 12 26 6 25 29 24 9 19 13 31 1 16 27 32 30 11 
20 2 8 25 12 16 22 33 28 35 31 30 10 5 11 7 9 4 21 23 1 0 14 24 3 34 26 6 27 13 19 32 18 17 29 15 
25 11 4 26 2 35 19 17 12 0 21 9 29 13 34 6 31 14 15 8 18 24 7 30 3 20 27 23 5 28 1 32 22 16 33 10 
13 33 23 12 2 24 31 35 21 9 27 6 28 16 5 7 10 29 30 25 8 34 19 17 11 20 18 0 3 1 14 15 32 26 4 22 
10 5 23 30 6 34 16 20 26 15 4 9 17 31 25 11 24 18 19 8 29 12 22 1 3 21 33 13 35 0 28 32 14 7 27 2 
13 32 7 1 23 33 9 29 11 31 17 19 8 5 18 14 21 22 16 10 6 12 2 25 3 27 35 28 15 24 30 34 20 4 26 0 
33 24 3 19 10 32 26 14 29 23 25 6 35 16 12 34 21 2 20 18 22 30 15 9 11 5 28 1 31 17 0 7 27 8 13 4 
26 14 23 34 27 31 16 30 20 5 32 10 12 19 18 25 24 8 29 28 13 33 1 0 6 35 4 21 17 2 7 3 22 15 9 11 
11 31 12 22 21 32 16 0 35 14 6 23 28 26 25 27 30 15 18 4 24 19 34 20 5 2 3 8 1 17 9 13 10 29 7 33 
10 35 22 21 15 4 12 3 33 24 28 18 2 25 16 26 32 9 5 17 27 11 13 8 23 14 6 31 0 20 1 19 29 30 7 34 
21 25 34 3 2 29 22 13 24 8 20 11 27 5 10 17 19 1 23 32 9 7 26 28 16 31 14 33 30 4 35 12 15 0 6 18 
13 8 29 3 16 12 7 2 26 9 33 4 35 28 34 23 20 24 30 15 11 19 21 10 18 27 0 6 17 5 32 1 14 25 22 31 
3 32 34 5 2 30 27 16 1 18 22 4 28 15 8 10 19 35 24 13 14 26 11 23 31 0 12 6 9 29 25 7 21 20 17 33 
1 18 20 13 4 0 5 12 28 25 3 22 6 33 7 26 11 21 24 17 14 19 31 23 16 10 29 30 32 35 9 2 8 27 15 34 
6 0 16 20 28 31 19 34 33 13 12 10 7 27 17 3 26 9 2 35 30 18 1 11 21 29 5 8 14 15 22 25 23 4 32 24 
28 10 17 19 0 24 26 2 33 34 20 32 9 31 18 14 1 35 16 23 8 7 15 12 3 27 13 25 11 29 6 21 4 5 30 22 
8 28 32 13 15 19 34 25 31 3 4 5 21 35 6 12 10 20 23 18 22 16 7 9 29 1 17 33 2 14 27 11 24 30 26 0 
7 25 14 1 31 33 16 20 22 6 26 29 17 18 0 11 15 32 12 21 19 27 5 13 10 2 30 4 9 34 28 23 24 8 35 3 
21 34 16 25 7 24 2 5 14 33 8 9 12 13 11 0 17 22 19 30 6 20 18 28 4 23 15 3 32 1 26 35 27 31 29 10 
16 33 23 34 6 13 20 11 1 31 2 28 32 14 12 30 25 9 10 17 15 3 27 26 21 7 35 18 29 0 19 22 8 5 4 24 
3 15 6 22 35 16 0 30 24 7 13 25 32 27 31 28 19 4 26 23 2 1 10 34 21 8 20 5 29 12 11 9 14 17 18 33 
20 8 15 30 33 26 23 12 29 14 34 27 10 2 22 4 17 32 35 13 19 16 0 9 31 21 7 5 1 3 11 24 18 28 6 25 
16 30 9 24 0 3 20 19 23 14 2 10 27 4 13 18 5 1 31 29 12 34 25 6 11 7 15 26 35 17 8 33 28 22 21 32 
7 0 6 14 5 28 29 22 12 20 8 34 30 33 24 2 32 10 15 13 9 3 11 35 27 23 1 4 25 31 17 19 26 16 21 18 
17 34 27 6 20 23 0 32 7 16 24 2 3 14 5 22 11 9 8 25 4 26 30 12 13 19 21 29 33 1 15 31 35 28 18 10 
29 13 12 1 10 18 16 27 0 31 19 6 30 26 11 8 4 34 33 22 17 5 21 2 28 9 23 14 25 35 24 32 7 20 15 3 
10 2 23 9 24 35 5 31 32 28 13 4 7 20 1 26 6 29 15 11 14 22 27 0 3 17 8 16 21 33 34 19 12 25 30 18 
10 24 12 28 8 22 32 18 0 21 9 11 25 7 5 29 33 26 14 16 3 35 17 23 19 27 1 34 13 30 4 2 31 15 20 6 
18 28 34 5 14 4 20 33 15 6 7 30 11 12 9 13 32 31 27 29 1 23 17 24 21 19 8 22 25 16 2 0 35 3 26 10 
7 24 13 30 20 4 25 5 21 6 1 12 9 15 8 11 27 10 3 0 33 31 17 19 2 26 28 16 34 14 22 35 18 23 32 29 
19 12 23 7 35 8 30 5 31 32 15 13 21 1 16 34 26 33 6 22 3 4 24 29 25 17 0 20 2 10 11 27 14 9 28 18 
5 27 9 33 7 14 15 35 28 23 31 6 17 3 18 34 4 1 19 8 25 30 20 26 13 10 12 29 11 24 22 0 16 2 32 21 
26 17 28 0 29 13 20 2 3 1 19 14 22 4 31 6 11 33 5 24 30 7 16 35 9 21 23 25 8 10 32 34 18 15 12 27 
12 24 21 14 26 30 6 19 9 23 16 7 17 31 8 2 3 29 25 1 34 32 35 27 0 33 13 18 4 15 22 28 5 11 20 10 
2 12 32 19 9 30 26 3 10 27 21 4 24 17 0 5 33 20 16 11 6 15 1 34 28 8 29 14 18 7 23 31 25 13 35 22 
14 32 15 11 26 9 19 21 24 30 10 34 17 5 20 31 18 22 27 29 28 35 23 1 7 33 2 4 12 13 8 25 0 16 3 6 
20 4 29 35 13 1 15 23 5 6 16 3 33 0 17 26 32 28 18 7 27 25 21 10 12 34 9 2 14 22 19 24 30 11 31 8 
20 33 27 25 12 11 31 9 8 21 16 17 28 22 35 4 10 19 5 14 3 32 34 1 30 18 0 24 15 26 29 2 23 13 6 7 
19 16 8 20 17 31 5 22 7 0 3 4 18 27 26 14 29 23 6 13 32 33 2 12 10 9 25 1 21 34 35 30 28 15 11 24 
30 33 25 24 12 31 21 11 4 1 20 14 23 16 22 29 19 32 27 0 18 9 5 10 26 6 13 3 17 28 35 2 15 34 8 7 
21 33 24 9 16 19 10 32 31 13 34 30 28 27 0 3 35 6 23 7 2 29 25 11 22 17 8 15 20 1 18 5 12 4 26 14 
31 10 6 26 15 21 25 5 13 24 11 20 0 19 33 23 32 16 8 4 14 1 34 7 2 22 28 35 3 18 29 9 30 27 17 12 
9 3 27 16 31 4 35 30 26 32 7 15 18 13 5 14 1 33 12 22 23 6 17 8 19 11 34 0 2 29 28 10 24 21 25 20 
23 35 18 6 3 28 29 15 10 9 26 20 13 27 1 12 8 32 0 4 30 7 24 11 17 14 19 16 21 5 33 34 25 22 2 31 
11 33 21 13 0 24 9 34 1 15 4 19 6 28 12 32 10 26 5 3 20 7 27 29 35 17 8 31 23 22 2 25 14 30 16 18 
13 18 7 21 23 28 8 31 33 11 32 17 19 3 0 15 22 14 4 20 10 1 34 12 26 9 5 16 25 2 29 27 24 6 35 30 
27 1 32 0 31 17 20 9 11 16 29 14 4 34 3 24 22 8 6 13 7 26 35 15 25 5 30 10 21 12 33 18 23 28 2 19 
35 34 22 19 32 18 13 4 9 25 11 30 16 29 28 24 26 23 8 7 5 20 1 0 31 17 10 15 2 27 3 12 6 33 14 21 
23 1 27 17 30 13 11 20 7 31 34 18 4 29 32 9 19 8 0 26 22 33 12 15 35 2 25 16 3 5 10 6 21 14 28 24 
29 24 18 30 12 20 22 3 10 4 31 33 23 32 19 16 9 17 21 1 26 5 25 0 7 14 15 8 28 27 13 34 6 35 11 2 
33 9 26 19 14 21 20 13 22 23 18 34 7 8 2 24 3 31 35 27 4 1 29 15 0 11 12 25 28 30 6 10 16 5 17 32 
27 33 31 20 8 25 12 10 16 21 19 30 7 28 35 23 17 15 32 5 0 34 4 11 24 6 29 14 2 18 3 22 9 1 26 13 
15 6 14 28 33 32 11 4 31 20 0 21 9 7 13 23 17 12 3 18 22 24 16 1 35 30 5 10 27 29 8 34 19 26 2 25 
26 19 14 25 3 17 27 2 22 5 32 11 20 18 28 10 30 29 33 4 9 16 23 24 34 31 1 7 12 6 15 21 0 8 13 35 
28 10 31 6 33 2 18 12 7 16 4 20 0 24 5 30 27 13 25 35 15 19 9 34 23 14 3 21 22 26 1 32 29 17 8 11 
28 17 6 9 23 20 12 5 13 33 24 15 7 0 2 8 22 10 14 11 19 30 4 27 1 31 25 35 32 21 26 29 16 18 3 34 
33 22 30 2 3 0 5 34 27 31 19 20 21 8 13 29 6 25 17 15 7 1 35 10 4 11 32 26 23 16 12 9 24 28 14 18 
35 14 2 23 7 19 26 29 24 8 30 32 13 20 31 25 0 33 3 5 10 22 11 6 4 28 18 17 16 21 15 1 27 9 12 34 
9 13 21 7 32 16 8 18 4 6 25 28 2 20 22 29 23 11 27 17 12 1 14 30 3 19 31 5 15 35 0 26 33 10 34 24 
12 28 16 10 8 23 5 21 15 30 18 9 31 4 35 27 34 14 22 32 11 20 3 25 26 17 29 2 6 1 33 24 0 13 7 19 
8 6 22 9 14 27 23 7 24 34 1 2 33 10 17 30 28 16 25 35 29 3 4 5 12 31 18 0 21 13 32 11 19 15 26 20 
8 3 4 20 34 28 10 1 0 25 21 35 24 15 7 13 2 33 26 31 11 22 19 16 5 29 12 14 23 32 9 30 27 6 17 18 
34 8 18 16 25 21 32 11 1 7 20 26 6 22 28 31 19 14 10 9 33 27 30 0 24 13 12 23 5 17 15 2 4 29 3 35 
16 12 23 20 0 35 6 3 11 10 24 27 21 29 28 34 8 7 5 26 15 19 17 9 2 31 18 32 1 25 14 22 4 33 13 30 
35 31 3 6 4 14 7 13 10 26 24 15 9 32 1 20 28 34 19 27 18 16 5 33 30 11 23 25 29 21 8 12 22 17 0 2 
20 12 26 3 2 17 35 24 28 33 23 31 25 29 8 11 0 15 32 6 18 7 4 30 13 16 10 5 21 14 27 1 22 19 9 34 
20 28 12 22 11 9 16 0 24 21 30 15 8 32 10 23 5 27 35 25 31 3 29 17 34 1 2 14 26 33 4 7 6 19 13 18 
10 19 12 22 7 15 26 20 33 18 14 11 8 0 4 16 13 24 23 35 17 25 21 34 5 32 2 31 6 1 29 27 30 9 28 3 
28 19 5 6 8 16 31 15 33 24 32 13 9 25 1 7 34 20 10 30 0 21 26 22 11 35 27 29 14 17 4 3 23 12 2 18 
25 6 32 24 14 34 12 20 30 5 3 9 2 1 22 19 31 21 29 33 10 35 4 26 27 8 23 18 11 0 28 7 16 15 13 17 
30 26 27 11 12 15 24 10 3 29 25 6 21 23 17 0 31 13 1 7 20 4 32 16 2 28 33 35 8 34 9 14 18 19 5 22 
28 25 2 4 32 35 26 30 0 22 14 34 33 20 18 23 12 15 31 6 19 16 3 8 21 17 13 24 11 27 29 5 7 10 9 1 
0 35 6 24 29 31 22 7 23 4 32 3 16 13 18 34 11 21 2 10 14 9 15 5 1 12 8 26 30 19 20 27 17 25 33 28 
16 32 19 10 24 22 6 25 8 21 18 34 28 23 2 29 5 7 26 27 17 13 11 31 12 4 20 0 15 33 1 35 14 30 9 3 
32 22 4 3 8 25 29 15 35 28 23 26 6 0 5 14 13 34 27 20 21 24 1 2 9 30 11 10 33 12 19 7 16 31 18 17 
6 21 33 17 34 26 16 2 23 13 22 3 35 14 8 11 32 28 15 19 1 29 0 18 10 24 9 20 27 12 30 4 7 5 25 31 
18 33 12 32 35 23 5 24 31 7 15 21 34 29 19 27 25 22 6 28 16 2 17 1 11 13 14 8 4 26 0 30 20 10 3 9 
29 26 24 2 21 34 23 32 13 27 9 12 16 3 18 10 11 6 17 19 14 22 5 8 4 7 0 15 25 33 30 28 35 1 31 20 
23 9 30 22 29 24 26 17 7 5 8 13 28 12 6 4 1 34 10 25 32 35 19 0 15 14 18 3 16 11 31 27 33 2 20 21 
29 19 3 15 11 28 32 2 7 9 35 13 27 4 33 20 21 18 5 23 30 8 25 16 24 6 34 31 12 22 17 1 10 26 14 0 
32 30 13 34 8 33 5 31 11 7 18 3 0 9 35 22 1 28 10 26 20 12 19 2 16 14 29 21 6 24 27 15 23 25 17 4 
6 28 1 33 9 18 35 7 19 5 34 26 14 25 21 20 31 27 11 32 29 30 12 2 8 15 16 10 24 4 17 23 22 3 0 13 
34 29 16 12 21 23 9 10 15 13 22 6 26 7 3 24 11 2 1 8 31 28 0 27 4 20 14 18 25 33 5 30 19 32 35 17 
11 16 5 0 27 24 8 3 17 26 13 6 33 25 19 14 30 10 1 31 2 7 12 21 18 32 9 4 35 22 34 28 15 23 29 20 
5 26 23 27 17 15 3 12 24 32 31 25 34 19 16 10 33 20 11 8 7 4 29 18 1 28 21 22 0 35 9 14 30 13 6 2 
26 29 3 22 11 12 6 17 32 23 21 2 0 10 28 33 34 4 1 9 18 19 15 8 31 13 5 20 30 27 14 16 35 24 7 25 
7 5 9 17 24 8 34 32 11 30 4 3 27 13 22 33 28 23 35 31 1 15 2 16 29 19 0 14 18 10 26 20 6 12 21 25 
11 6 22 17 5 10 27 32 33 2 34 3 19 9 12 25 15 23 28 8 1 14 16 4 31 18 24 21 30 26 13 7 0 29 20 35 
6 29 27 4 15 2 21 32 1 7 5 9 20 10 18 25 13 17 34 23 35 30 0 8 11 33 22 26 12 24 3 28 31 14 16 19 
20 28 30 4 17 3 34 7 0 8 16 32 15 23 10 33 24 29 2 11 9 6 13 25 21 12 27 18 19 26 31 5 14 35 1 22 
30 0 9 18 24 27 33 11 17 21 12 34 7 5 29 19 15 25 16 3 4 23 14 26 35 8 10 6 31 2 1 22 28 13 20 32 
26 23 1 25 6 0 20 16 17 12 8 5 3 27 14 21 32 18 31 13 10 33 19 11 22 35 4 30 24 9 7 29 2 15 28 34 
18 27 6 33 16 7 23 0 25 26 19 9 15 10 17 35 20 31 22 3 4 28 13 1 2 11 12 24 32 14 30 5 34 29 21 8 
27 35 29 31 22 19 34 9 10 18 21 26 0 25 7 23 12 16 24 15 20 5 14 30 28 32 13 17 1 3 6 8 11 2 4 33 
35 24 18 27 26 9 2 12 19 17 23 6 20 10 21 34 1 31 5 13 4 8 11 28 33 22 25 3 0 14 29 16 15 7 32 30 
21 24 33 22 12 2 10 34 27 32 14 8 1 13 26 31 5 4 30 28 25 3 23 0 19 29 18 16 6 15 20 11 7 17 35 9 
15 9 10 26 32 14 29 23 24 31 16 33 12 4 5 6 22 21 34 0 28 7 18 20 25 27 3 11 17 30 13 35 19 1 8 2 
7 25 2 8 3 24 1 28 35 6 19 31 0 18 27 26 12 32 23 9 22 20 30 21 5 34 10 16 14 11 15 4 13 17 29 33 
33 35 14 15 30 19 22 23 29 3 24 11 9 28 13 7 27 34 16 26 32 12 10 1 0 17 2 31 21 25 4 6 5 20 8 18 
4 8 19 35 34 24 6 1 28 12 31 7 18 29 2 13 0 23 3 16 5 10 20 9 26 32 21 22 33 15 17 11 25 14 30 27 
17 33 34 3 8 13 25 29 11 12 6 10 35 15 23 9 5 14 20 19 21 28 24 22 2 1 4 0 32 18 16 27 30 7 26 31 
29 26 7 13 3 23 9 21 30 12 15 10 31 24 17 16 4 19 5 14 27 6 0 22 35 2 34 8 1 20 18 28 33 25 11 32 
15 33 30 2 19 3 23 16 11 20 34 7 13 35 21 22 18 26 6 1 31 25 29 14 8 32 17 4 12 24 0 27 9 28 10 5 
26 18 9 22 17 4 24 5 31 12 7 33 2 16 1 35 15 14 0 27 25 10 8 23 6 3 21 19 20 32 13 34 30 28 11 29 
3 20 14 7 27 4 26 13 10 25 28 5 18 35 16 8 12 21 24 6 30 17 29 1 32 19 2 9 0 34 33 15 23 11 22 31 
14 28 1 17 25 5 18 8 4 13 32 11 19 34 23 9 27 3 35 0 30 12 33 15 21 26 6 20 7 29 10 2 16 31 22 24 
8 22 25 28 33 27 30 32 19 14 10 20 4 34 0 18 29 35 7 31 23 24 12 2 1 5 21 3 15 13 6 9 17 26 16 11 
3 14 35 2 6 7 32 13 10 26 8 9 15 4 25 22 0 19 33 11 23 16 27 18 17 28 12 24 1 5 29 31 20 34 30 21 
16 18 12 15 30 24 33 32 8 10 19 0 6 35 14 34 26 25 3 7 31 23 17 4 20 11 29 27 2 21 1 22 28 13 9 5 
15 5 31 25 10 28 29 24 27 32 13 22 34 23 33 3 4 20 21 11 12 17 0 35 16 9 6 7 26 19 14 30 2 8 1 18 
33 25 32 20 23 0 26 11 29 6 1 12 35 28 4 16 3 27 15 19 18 21 34 2 30 22 17 10 31 14 7 9 8 24 5 13 
23 19 27 8 18 35 21 10 15 1 16 24 20 29 14 22 17 32 11 4 30 5 9 34 25 0 12 31 33 26 7 6 2 3 28 13 
33 19 9 15 22 1 18 23 12 32 25 8 2 20 35 13 30 21 4 14 17 24 0 29 16 27 6 26 10 31 28 7 34 11 3 5 
9 25 23 30 35 32 31 29 8 33 13 16 18 24 4 21 2 0 3 34 26 1 7 20 28 12 15 14 17 27 6 22 19 11 5 10 
6 16 14 32 29 8 1 18 28 24 21 30 26 34 22 23 33 20 9 17 4 19 13 3 25 31 5 11 10 27 35 2 7 12 15 0 
8 30 12 29 27 11 9 13 31 6 19 2 20 35 32 18 21 7 3 4 25 24 10 14 23 26 33 17 34 22 28 15 0 5 16 1 
17 19 13 11 27 30 5 23 10 26 8 31 15 14 28 0 35 9 1 16 6 12 25 18 34 2 7 32 21 3 22 33 29 24 4 20 
17 23 31 9 5 6 28 11 29 3 8 12 20 2 18 21 24 30 16 4 13 19 34 0 33 10 32 22 35 14 26 27 1 7 25 15 
4 14 3 13 34 28 22 0 21 8 10 26 25 27 30 33 17 9 31 24 2 6 11 7 12 1 16 15 18 5 19 35 29 20 23 32 
25 0 8 18 15 19 21 33 10 1 13 11 20 29 17 31 32 5 3 27 35 4 9 26 22 28 24 6 23 2 14 12 7 30 16 34 
29 32 14 0 11 2 1 17 8 24 13 12 6 22 7 10 26 19 15 16 9 4 18 27 20 5 25 23 28 31 34 35 33 30 3 21 
7 31 32 15 20 28 13 1 14 4 33 18 23 3 27 26 16 19 5 9 6 2 12 25 29 34 35 21 17 0 11 30 10 22 8 24 
12 35 9 29 33 32 1 19 6 30 31 24 3 11 28 0 22 14 2 15 17 25 27 20 21 10 5 18 7 13 16 34 26 8 4 23 
8 12 23 9 33 21 15 1 26 7 25 14 16 30 35 22 2 29 4 6 18 13 10 0 19 3 17 27 28 24 31 34 5 11 20 32 
16 24 34 32 8 2 14 5 28 1 29 21 20 26 15 0 6 23 11 35 9 17 22 12 27 18 19 10 13 30 25 4 7 31 3 33 
4 17 30 31 5 16 7 15 34 27 3 14 12 25 32 33 29 19 8 6 23 11 9 28 1 13 18 26 21 35 20 2 10 0 24 22 
7 30 14 25 18 6 19 9 11 5 16 28 26 20 29 35 21 32 3 33 15 17 27 1 0 2 12 24 10 13 34 4 8 31 23 22 
7 19 26 3 25 30 15 12 1 32 20 10 13 6 34 24 11 27 18 9 31 28 33 23 4 14 17 29 22 5 16 35 8 21 2 0 
35 30 33 28 26 1 13 22 9 6 17 7 5 23 14 34 2 31 3 15 0 4 19 16 25 32 27 18 8 29 24 12 20 10 21 11 
8 1 12 15 16 25 9 31 27 19 29 33 34 13 6 3 35 24 28 0 32 26 5 21 22 4 14 2 23 20 18 7 30 10 11 17 
7 13 23 35 34 12 25 20 19 14 8 10 3 17 16 9 11 5 28 32 33 15 22 24 30 2 26 21 1 4 0 29 31 27 18 6 
19 18 12 28 16 10 20 30 6 14 4 11 25 9 8 31 33 32 3 15 21 29 23 17 22 0 2 13 24 27 26 35 34 1 7 5 
11 26 27 14 9 33 4 30 24 35 23 15 19 25 8 3 10 6 0 18 16 29 12 17 13 34 5 32 7 28 21 31 22 2 20 1 
32 2 8 25 11 30 4 14 13 0 26 17 33 23 3 6 34 18 31 24 7 12 35 19 20 21 22 15 28 9 27 5 29 1 16 10 
3 15 34 8 23 33 10 30 2 20 12 21 31 13 5 26 14 18 25 1 19 7 9 16 24 6 11 22 29 0 27 4 32 28 35 17 
31 12 4 5 9 20 26 35 30 6 8 33 14 18 19 29 32 7 22 3 1 2 10 23 27 28 0 34 25 13 21 17 16 11 15 24 
31 33 15 16 29 21 0 5 10 13 27 34 19 22 25 30 9 4 18 11 6 23 12 26 35 32 8 14 7 1 3 24 17 2 28 20 
17 7 10 6 18 1 12 27 35 28 4 32 9 19 21 11 23 30 14 0 24 31 8 16 15 20 13 3 25 5 22 33 2 26 29 34 
33 15 19 11 21 27 17 26 12 20 5 0 16 7 31 10 9 6 3 8 28 30 25 22 29 32 1 23 13 35 24 18 2 34 14 4 
0 35 29 31 9 15 6 10 32 7 1 28 21 5 16 22 26 8 30 25 14 12 20 3 2 19 34 11 17 18 33 4 24 13 27 23 
3 27 33 29 8 20 14 16 17 9 11 15 5 4 31 7 2 12 0 32 18 30 25 34 21 13 10 22 6 23 1 24 35 19 28 26 
26 27 15 6 13 12 28 25 35 2 1 18 32 31 11 10 0 4 24 21 5 22 29 7 30 8 33 16 20 34 19 14 17 3 9 23 
13 28 26 17 35 23 1 5 0 25 19 27 15 4 8 6 14 33 11 10 21 7 12 2 29 22 31 9 32 20 3 30 16 34 24 18 
35 25 2 15 26 16 0 33 21 28 4 23 10 8 29 30 1 12 14 18 9 19 3 22 34 6 24 13 31 11 17 5 7 20 27 32 
15 21 14 29 10 31 22 34 33 16 12 28 2 30 17 18 5 27 26 19 11 25 6 9 24 23 3 20 7 32 35 8 1 4 0 13 
22 16 9 2 34 25 24 28 35 4 26 27 18 6 12 20 19 33 0 14 11 10 7 32 30 21 8 13 3 17 31 29 1 5 15 23 
9 14 8 16 30 33 7 27 28 18 4 13 24 31 11 34 6 32 21 1 35 15 3 10 26 0 22 2 20 17 19 5 23 29 25 12 
5 13 20 15 10 9 4 31 3 27 17 24 6 22 25 35 21 33 18 12 1 0 16 34 26 8 19 29 32 30 7 2 23 14 28 11 
35 15 14 27 0 34 2 10 6 30 24 20 17 1 4 29 16 18 3 23 7 32 22 21 26 28 11 12 19 9 8 33 31 13 5 25 
30 14 35 16 2 13 29 23 21 18 11 31 28 15 34 19 25 5 20 4 10 7 32 22 12 6 24 27 17 9 1 33 8 3 0 26 
19 13 27 17 33 21 14 5 28 20 9 30 34 26 4 29 35 24 23 0 12 3 11 10 1 32 2 15 6 16 22 8 7 25 18 31 
29 20 33 19 11 24 31 2 6 14 15 25 12 35 8 26 17 16 18 32 7 0 22 4 30 3 1 23 9 10 13 5 34 27 21 28 
34 31 32 20 18 12 14 13 2 0 19 11 5 23 26 4 9 10 3 8 28 6 21 35 27 33 25 16 15 1 17 22 30 24 29 7 
28 29 16 32 6 4 8 19 14 27 5 9 25 34 3 15 33 23 12 22 1 0 21 26 17 10 2 24 18 7 13 30 20 11 35 31 
16 9 18 17 27 20 28 2 15 21 35 30 12 1 6 0 4 10 19 11 34 3 25 32 23 26 24 7 22 5 29 33 14 13 31 8 
19 14 18 3 27 34 5 7 9 13 23 6 21 24 25 11 16 12 32 0 1 26 17 28 29 15 10 20 8 22 30 2 33 35 4 31 
17 31 25 28 32 5 1 15 20 3 8 30 11 35 9 4 13 23 27 7 18 29 6 26 10 19 0 16 12 2 14 22 24 21 34 33 
5 31 33 27 29 10 9 25 22 23 6 12 20 3 0 7 4 28 32 26 24 1 11 18 15 8 17 2 13 19 21 30 34 35 14 16 
30 33 26 1 18 34 5 16 12 6 3 15 14 17 21 19 20 10 28 31 22 7 4 24 35 32 2 0 25 11 29 27 13 8 9 23 
9 26 19 12 15 31 5 21 30 32 29 10 14 27 0 3 25 7 22 28 11 6 23 18 24 33 4 17 16 20 35 34 1 2 8 13 
32 34 10 22 24 5 25 28 27 19 12 21 17 33 6 26 18 11 13 30 9 8 29 1 3 23 14 15 20 16 31 2 0 4 7 35 
7 18 28 15 29 31 19 23 8 1 24 2 12 21 11 10 13 6 32 30 4 14 33 0 17 16 20 5 35 27 22 3 9 25 34 26 
27 5 30 12 1 34 25 24 13 31 23 22 33 15 3 4 14 2 19 9 20 7 28 17 32 35 26 29 10 18 21 8 16 11 6 0 
32 22 33 7 18 19 1 13 23 20 27 2 0 15 6 11 25 35 31 24 9 12 5 3 21 16 8 28 10 30 34 26 29 17 4 14 
19 9 30 31 26 28 11 22 4 13 27 1 16 6 7 3 14 25 23 2 34 12 0 21 20 17 5 33 8 35 18 10 29 32 15 24 
16 27 18 11 7 2 20 9 34 35 19 26 3 32 13 4 28 15 0 23 21 31 1 14 30 5 29 24 12 33 10 6 8 17 22 25 
10 20 16 8 17 30 32 5 21 13 23 9 29 0 18 31 3 24 33 4 12 2 6 28 11 22 34 1 25 7 19 27 35 15 26 14 
1 7 27 3 5 18 10 28 21 33 24 14 20 0 29 9 26 6 25 19 32 8 31 17 12 35 34 15 22 13 11 16 4 23 30 2 
30 1 5 14 2 17 7 16 13 0 10 9 25 22 34 3 31 12 29 23 21 11 26 24 28 35 8 32 27 4 15 6 33 19 18 20 
28 21 7 11 3 2 12 20 26 13 24 5 14 35 8 19 27 15 4 17 18 30 9 10 0 1 31 22 29 32 34 6 16 33 25 23 
8 5 12 27 25 16 14 20 28 33 29 4 1 17 15 11 21 24 2 35 26 13 19 34 31 0 3 30 32 23 22 10 7 9 18 6 
11 10 27 33 24 14 32 35 28 26 19 9 8 7 18 2 0 31 12 23 15 3 21 5 25 1 34 16 29 22 20 6 13 17 30 4 
15 17 19 24 28 6 8 16 26 29 9 0 23 34 5 12 21 22 18 27 1 30 14 11 25 3 33 13 10 7 4 35 31 20 32 2 
33 15 34 9 3 20 14 19 18 16 23 1 12 26 4 8 13 30 11 21 29 32 17 35 25 7 24 31 28 0 5 6 10 2 22 27 
24 11 3 31 29 34 19 23 4 26 13 32 5 1 7 17 21 0 14 12 22 6 15 20 33 16 30 28 35 18 25 2 10 9 27 8 
8 30 3 10 16 12 17 33 2 19 25 4 28 15 24 26 5 22 11 31 13 23 9 35 27 18 34 21 20 29 6 32 7 14 1 0 
17 25 23 35 16 5 21 24 28 27 32 8 11 20 10 30 9 22 0 13 2 3 31 14 19 6 1 18 26 15 7 4 12 33 34 29 
16 31 26 4 20 17 21 0 22 25 14 11 33 29 19 32 8 13 2 23 9 15 30 7 34 10 1 24 5 35 6 3 27 18 28 12 
28 14 20 25 19 29 34 15 6 33 11 13 26 7 32 24 2 4 23 17 5 22 3 0 18 27 12 21 30 1 9 8 16 35 31 10 
33 29 19 23 27 17 25 7 14 0 15 16 6 5 26 21 9 32 20 18 10 34 3 22 13 24 1 8 31 4 28 30 11 12 35 2 
31 6 34 29 9 17 16 25 19 23 22 12 30 5 21 26 3 1 2 32 7 28 0 14 4 27 13 15 11 35 24 10 20 8 33 18 
26 3 23 19 6 0 33 17 20 13 21 31 16 12 9 28 15 29 11 7 32 14 10 5 2 4 1 30 24 27 18 25 35 22 34 8 
14 26 19 11 21 31 3 30 6 29 32 5 16 22 18 7 28 33 12 25 35 13 0 23 1 20 8 10 27 17 34 24 9 4 15 2 
19 26 9 24 34 10 31 33 13 18 2 11 8 25 23 16 15 4 20 35 22 29 21 5 27 12 32 6 1 28 14 0 3 7 17 30 
29 10 0 31 3 13 20 22 6 32 2 16 18 23 27 11 30 33 34 24 9 26 5 28 8 4 14 1 19 7 25 17 15 35 12 21 
34 23 35 30 13 6 31 14 18 21 22 8 7 32 17 25 0 5 27 24 28 29 20 10 12 4 19 11 9 26 1 15 2 3 33 16 
30 1 33 7 8 4 26 24 5 15 3 32 20 27 0 25 16 10 13 9 34 18 35 6 31 23 14 28 19 17 29 22 2 11 12 21 
34 0 7 25 26 23 13 1 20 30 15 28 11 9 12 10 6 31 27 33 21 5 24 16 35 3 4 18 17 29 19 8 2 14 22 32 
12 32 5 27 15 11 6 17 23 21 4 34 2 31 14 24 25 30 3 8 7 33 28 1 22 35 10 29 16 19 18 0 20 26 9 13 
24 16 1 11 25 8 3 9 12 28 2 26 15 27 19 0 13 21 5 23 22 14 4 35 34 31 29 18 6 17 30 20 32 7 10 33 
33 27 3 15 14 10 7 0 25 30 4 23 16 6 1 9 20 17 22 2 12 28 21 5 18 29 13 24 19 26 32 31 11 34 8 35 
20 4 8 31 22 14 6 16 32 7 3 21 33 1 23 9 10 24 19 5 29 18 28 26 11 30 0 12 27 2 17 35 25 15 34 13 
22 25 17 33 34 11 14 1 27 13 4 9 35 2 28 24 15 32 0 3 26 29 20 6 19 8 12 5 10 31 16 18 7 23 30 21 
23 31 15 25 5 17 4 14 0 13 8 19 26 16 9 3 24 29 28 30 27 35 22 7 1 12 18 6 21 33 10 20 11 2 34 32 
7 0 29 23 16 5 24 3 34 31 26 10 11 13 21 30 4 32 9 2 8 19 22 18 27 15 14 1 25 6 17 35 28 20 33 12 
4 20 31 10 6 9 11 7 25 5 27 21 18 14 8 1 30 23 29 3 32 12 16 33 0 2 15 19 26 13 17 22 35 28 24 34 
33 0 7 34 12 27 31 19 32 24 2 3 30 26 18 28 29 13 1 5 23 15 16 35 20 4 10 22 6 17 25 11 8 9 21 14 
0 23 17 28 31 9 27 7 19 26 15 30 10 2 13 16 33 6 21 18 22 4 29 11 32 35 25 20 24 34 12 5 14 3 1 8 
11 29 9 16 8 24 19 33 27 7 25 34 35 28 15 10 32 12 30 20 18 2 0 26 23 17 31 6 4 5 14 1 3 21 22 13 
22 3 24 1 21 13 26 20 18 29 7 33 5 23 35 17 30 11 34 19 27 0 9 6 31 15 28 12 16 4 25 32 2 8 10 14 
30 9 21 4 23 15 29 24 17 35 2 13 14 7 26 5 8 33 34 6 11 20 16 0 19 27 18 31 10 28 32 22 1 12 25 3 
0 18 27 25 21 22 19 10 26 32 16 29 17 12 4 34 20 3 2 33 24 6 23 31 11 15 14 1 9 28 35 7 13 30 5 8 
27 30 15 8 35 9 13 2 3 22 29 6 28 1 34 20 24 33 18 19 0 11 16 14 21 5 25 23 31 10 17 4 26 32 7 12 
14 35 3 7 6 13 31 0 21 25 23 9 20 28 15 4 10 17 34 12 19 8 24 18 26 16 5 32 30 22 1 11 29 2 27 33 
4 9 6 13 33 20 15 7 24 23 29 34 5 8 12 26 3 30 35 21 19 0 18 27 16 22 28 32 31 11 2 14 1 25 17 10 
19 18 24 27 20 2 31 23 35 32 1 6 0 11 30 34 29 4 12 9 21 17 33 5 26 13 22 8 3 10 7 16 25 28 15 14 
29 32 14 10 28 27 31 9 24 12 26 17 34 0 5 4 3 1 21 19 18 11 16 20 22 7 8 30 13 2 33 35 23 6 25 15 
17 4 22 8 16 2 30 29 1 5 26 28 14 20 15 25 34 3 13 9 35 32 10 31 7 27 33 24 11 21 12 0 23 18 19 6 
16 5 24 17 32 22 11 28 7 26 3 1 4 25 33 8 12 31 2 35 29 0 15 20 10 30 6 34 13 18 9 23 21 19 14 27 
8 34 35 10 18 23 17 20 29 24 16 27 21 4 30 28 33 22 7 3 19 14 32 15 13 31 9 11 2 26 6 25 12 1 5 0 
23 21 4 33 24 3 7 32 17 26 8 30 18 19 27 12 6 1 28 16 0 29 13 11 34 15 9 14 31 10 22 5 25 20 35 2 
2 22 13 8 9 18 21 11 32 3 19 33 25 27 34 14 5 10 0 23 6 28 16 26 1 31 7 24 4 15 20 12 30 35 29 17 
30 8 33 27 5 19 35 11 15 34 3 18 16 2 10 23 6 14 1 13 31 7 21 22 20 17 4 12 32 9 26 0 25 24 29 28 
32 20 25 6 16 12 29 7 22 0 33 1 13 19 27 35 31 11 2 30 21 3 5 34 17 4 10 18 23 28 24 9 26 15 14 8 
26 15 22 30 34 6 31 14 16 0 8 10 17 25 1 35 2 33 29 11 12 28 23 27 13 24 32 20 3 19 5 7 21 9 18 4 
7 28 10 29 33 26 17 3 1 0 15 16 14 8 6 4 9 20 21 27 11 25 2 31 19 5 22 30 13 24 23 34 35 12 32 18 
5 8 16 20 32 4 22 12 11 26 23 18 19 35 24 33 15 34 10 2 9 27 0 17 28 6 1 29 14 25 31 7 3 13 21 30 
19 25 9 2 22 26 18 8 21 32 24 16 20 23 5 13 0 31 12 4 17 1 15 11 27 30 28 10 29 34 7 14 33 35 3 6 
17 16 31 1 29 6 3 2 9 26 23 7 15 30 32 25 34 13 22 4 35 12 8 0 14 19 24 21 27 28 11 20 18 33 10 5 
14 1 4 17 6 33 29 27 0 18 24 34 25 32 35 31 28 5 20 10 8 30 2 26 12 21 7 9 11 13 23 22 19 16 3 15 
10 30 8 15 33 17 4 29 13 31 9 22 32 21 6 14 1 35 0 16 18 2 24 25 19 12 23 20 28 7 3 26 5 34 11 27 
24 31 23 19 29 26 18 0 9 4 6 27 13 16 17 8 20 12 11 15 10 3 34 14 2 7 33 35 5 22 32 28 30 1 21 25 
21 7 4 10 6 31 34 13 28 18 11 15 2 17 20 12 22 9 35 23 3 1 16 30 25 8 5 19 27 26 29 32 33 0 24 14 
30 22 17 34 6 0 7 24 5 25 20 23 28 9 33 29 19 18 13 10 2 14 16 15 26 12 4 3 1 31 35 32 11 8 27 21 
15 33 2 5 23 22 24 20 12 9 32 31 6 28 29 35 13 8 10 27 16 4 7 17 21 34 26 25 11 1 0 19 3 14 18 30 
35 23 34 18 32 30 26 0 29 16 1 17 14 15 31 3 19 5 12 13 20 11 7 8 24 9 2 6 10 4 22 21 25 27 33 28 
35 19 24 1 17 34 28 0 27 15 21 33 9 4 32 10 5 20 31 25 23 18 14 16 13 30 11 26 6 22 3 29 8 7 2 12 
27 14 22 7 31 25 15 34 2 19 18 24 10 0 9 13 4 21 30 35 1 20 26 6 12 23 33 29 8 32 16 3 11 17 28 5 
0 15 13 33 4 6 9 25 19 32 20 35 5 14 30 16 18 2 28 27 8 1 7 10 29 34 22 23 3 24 12 26 31 21 11 17 
4 20 3 29 16 1 18 22 15 30 2 31 8 23 17 10 11 0 12 26 14 24 19 27 25 34 21 13 9 33 6 28 32 5 7 35 
28 23 31 21 13 34 8 4 33 5 0 7 22 16 32 25 9 29 10 2 24 3 11 20 26 18 30 27 12 14 19 6 15 1 17 35 
9 18 5 31 21 33 26 12 27 13 23 14 22 6 2 15 3 24 10 35 34 11 29 4 17 0 28 25 19 30 16 32 8 20 7 1 
27 32 10 5 25 18 7 16 24 1 8 0 14 19 33 23 30 11 4 35 12 9 3 6 22 29 17 13 2 15 34 21 20 31 26 28 
31 1 25 0 22 18 17 14 27 19 3 33 15 24 16 6 29 26 7 4 34 2 13 23 20 21 8 9 30 10 28 32 35 5 11 12 
27 18 12 8 7 21 14 29 25 24 23 28 33 4 20 9 32 6 26 13 1 0 15 34 22 11 5 3 2 19 17 31 35 16 30 10 
0 6 34 23 24 19 20 26 13 4 25 9 12 29 28 7 5 1 8 35 22 10 32 15 16 30 33 18 11 17 2 27 3 31 14 21 
1 4 19 34 33 25 12 22 21 26 17 28 13 10 18 11 29 5 2 3 9 31 24 6 7 32 14 27 8 35 15 23 30 0 20 16 
5 30 8 33 21 26 23 13 3 24 17 12 6 9 14 31 11 29 15 20 32 1 34 35 4 0 27 22 28 19 2 7 16 18 25 10 
10 2 4 7 25 32 3 13 17 33 8 23 18 9 20 14 19 24 6 28 5 30 31 16 15 1 34 12 26 0 29 21 22 35 27 11 
1 23 16 33 6 28 30 32 21 9 35 2 0 10 29 14 27 4 22 3 12 26 19 25 20 31 13 18 8 7 24 5 15 11 17 34 
30 20 21 25 1 32 28 4 17 24 13 16 22 19 33 3 9 2 11 26 12 31 15 27 6 0 18 5 10 14 34 23 7 29 35 8 
8 17 31 21 11 16 28 23 15 35 26 6 33 20 30 22 2 7 13 5 32 27 10 19 0 18 4 12 29 34 9 3 1 25 14 24 
13 25 9 19 7 8 11 21 16 35 29 15 26 30 14 17 18 2 1 23 24 28 32 5 27 0 4 10 22 33 20 31 12 34 3 6 
0 3 17 7 12 27 33 22 16 30 1 32 8 10 4 20 2 14 18 31 24 5 29 9 19 25 13 34 26 15 11 23 21 6 35 28 
25 4 1 34 10 22 5 32 19 26 7 27 31 33 18 9 24 35 6 15 30 21 20 2 29 28 17 12 8 13 11 0 14 23 16 3 
14 17 33 18 5 10 4 15 8 27 30 19 0 28 24 25 9 6 26 12 13 35 2 22 16 21 20 7 23 34 31 11 3 1 32 29 
14 35 15 13 17 12 25 8 27 26 21 24 4 28 11 18 22 30 33 20 32 6 9 3 7 31 34 16 10 2 1 5 0 23 29 19 
24 9 23 20 8 12 21 18 0 14 6 26 35 22 3 32 11 5 4 15 2 16 7 33 31 30 1 34 28 27 10 13 19 29 25 17 
10 34 3 7 29 8 11 16 33 23 6 17 24 30 26 21 14 25 9 18 15 27 32 5 13 1 2 28 31 12 0 22 20 4 35 19 
30 2 5 11 8 29 24 22 9 4 0 33 13 23 15 28 27 7 6 3 14 34 25 10 17 21 35 31 32 18 26 1 16 19 12 20 
6 4 22 0 24 1 32 30 17 12 15 10 34 9 8 27 2 16 35 20 11 21 31 29 18 13 28 25 5 19 26 7 3 33 23 14 
6 27 1 2 4 35 17 25 10 14 26 28 22 13 21 5 24 12 33 31 29 30 9 19 23 15 20 32 34 7 8 0 11 3 18 16 
28 8 31 9 15 25 7 11 6 22 2 27 4 14 26 23 5 21 13 35 33 1 17 0 16 30 29 10 12 24 32 18 34 3 19 20 
27 28 11 7 21 1 25 22 5 13 32 16 6 14 9 17 35 33 4 0 26 10 31 8 18 30 24 2 3 15 23 20 34 19 29 12 
27 34 12 7 3 21 5 29 1 20 22 28 24 25 6 18 32 17 11 19 30 4 16 23 33 26 15 35 31 9 13 10 8 0 2 14 
13 14 34 19 12 15 24 29 6 33 8 2 22 26 25 16 4 1 18 10 32 30 7 28 20 23 11 9 31 0 35 5 21 27 3 17 
13 9 23 18 1 33 24 26 6 32 25 31 34 19 12 28 21 16 10 29 8 20 5 22 35 30 14 0 7 15 3 17 11 27 2 4 
30 32 20 12 1 8 15 10 17 21 18 9 27 28 23 33 3 35 5 26 14 16 7 25 2 24 4 22 31 6 11 13 29 34 0 19 
8 13 7 34 3 1 21 17 15 12 10 14 20 5 4 16 2 33 25 28 29 26 30 6 11 22 27 19 18 35 31 9 0 24 23 32 
22 14 13 25 16 35 12 29 24 10 32 0 23 1 19 8 31 28 17 2 15 11 3 7 26 33 4 9 18 27 34 30 21 20 6 5 
20 22 25 16 1 32 27 3 7 10 29 2 14 26 0 33 9 4 19 21 28 17 13 35 24 6 11 5 34 23 12 8 31 15 30 18 
10 14 0 2 5 8 12 16 21 20 23 9 7 11 26 15 33 28 25 13 32 29 22 1 27 34 19 18 4 24 6 17 3 30 31 35 
27 13 28 33 6 26 11 21 30 7 5 25 22 31 23 19 4 0 32 1 24 18 16 15 10 2 29 9 8 34 14 12 3 17 35 20 
33 26 22 4 14 0 10 9 3 25 1 32 8 31 2 13 17 20 19 35 24 30 27 15 6 29 28 34 11 5 12 7 21 16 18 23 
8 1 4 24 25 2 13 34 31 35 22 3 33 11 21 17 6 12 14 32 0 16 29 27 20 30 26 19 28 23 9 10 15 5 7 18 
8 0 34 14 32 7 27 21 35 30 1 10 33 12 25 2 13 16 22 9 3 24 23 6 4 11 20 5 18 17 31 28 19 29 26 15 
34 33 14 26 10 0 29 8 32 4 6 18 35 28 19 1 23 27 9 20 13 15 7 25 24 31 17 30 2 12 3 22 5 16 21 11 
27 32 6 8 11 35 9 28 7 29 16 15 5 1 30 4 2 19 22 18 26 33 12 17 31 34 20 14 21 23 25 24 0 13 3 10 
30 33 3 28 35 22 34 29 32 2 16 24 15 19 31 18 21 6 20 0 10 4 11 9 26 7 25 12 17 5 8 1 14 23 27 13 
11 18 12 9 23 3 34 33 20 6 15 28 25 14 16 32 30 24 26 7 29 13 22 17 31 10 27 35 1 2 5 21 4 19 8 0 
11 25 5 31 4 0 13 22 7 6 27 26 9 17 15 23 2 21 29 32 1 30 12 3 19 14 24 8 35 20 28 33 18 34 16 10 
34 9 22 15 31 32 14 1 29 30 2 10 11 24 18 19 20 35 26 21 3 16 5 17 4 0 13 23 27 8 25 7 6 33 12 28 
25 32 1 21 15 9 30 20 26 13 10 0 17 16 24 35 33 5 18 27 11 7 14 4 8 19 34 29 23 12 3 6 28 22 31 2 
26 27 17 8 21 20 33 11 32 5 14 22 35 7 34 3 31 23 16 9 30 6 13 19 4 0 18 10 25 28 12 29 15 2 1 24 
22 12 34 6 30 27 23 19 28 25 17 3 13 29 2 11 26 10 0 33 5 32 15 18 20 14 24 7 31 9 21 1 35 4 16 8 
28 18 12 9 19 15 11 6 24 33 0 5 21 14 34 7 16 8 31 23 29 25 10 26 1 17 35 30 22 32 13 27 2 3 4 20 
19 25 1 20 28 7 10 18 6 30 21 14 9 2 35 34 0 26 33 32 8 31 24 17 23 27 15 22 3 4 12 5 11 29 13 16 
8 10 12 19 1 30 28 17 24 9 21 31 20 27 32 16 22 26 13 2 3 15 34 18 14 23 6 5 33 4 25 29 35 0 7 11 
3 21 33 17 34 12 31 20 30 32 13 6 29 24 16 18 7 1 23 22 35 26 4 19 9 28 5 0 27 15 11 2 8 10 25 14 
7 5 28 30 17 27 1 13 8 14 10 24 6 18 12 26 25 15 21 32 23 2 3 16 35 0 4 19 22 31 20 11 29 9 33 34 
28 10 29 25 24 27 26 3 0 31 15 13 12 8 33 30 7 23 11 16 19 1 2 20 17 6 9 4 34 35 32 5 18 21 22 14 
12 13 20 28 15 17 0 35 30 34 21 7 2 27 33 16 4 29 25 19 1 3 5 9 10 26 31 24 18 6 11 23 8 32 14 22 
4 31 29 23 3 9 5 21 16 14 2 12 34 11 1 0 7 33 27 15 18 22 8 28 10 35 24 6 26 20 13 17 30 32 19 25 
13 4 20 0 23 34 31 3 25 29 14 21 8 27 24 33 17 19 32 28 11 35 18 2 22 6 7 5 15 16 12 26 10 9 1 30 
1 22 24 29 14 9 0 17 34 26 23 32 2 35 4 10 16 25 3 11 13 31 15 7 19 30 28 18 5 12 6 20 21 33 8 27 
17 29 27 28 32 34 26 2 10 14 7 12 4 11 18 35 9 33 13 25 19 24 30 15 31 1 8 6 5 22 20 16 0 21 3 23 
35 28 32 24 9 21 25 26 4 12 19 5 27 33 30 17 15 16 6 31 7 13 29 11 34 20 8 23 18 10 3 22 0 1 14 2 
26 12 1 24 5 25 27 34 17 10 0 11 19 4 31 35 32 20 29 18 30 14 15 33 16 3 9 13 22 21 7 23 28 8 6 2 
19 23 6 21 14 13 3 11 15 35 34 22 27 26 25 16 32 9 4 18 8 17 28 33 0 31 7 10 24 30 2 1 20 12 29 5 
0 26 14 22 5 12 4 9 19 3 21 17 31 34 27 10 30 28 35 18 7 29 11 23 1 15 13 32 24 25 6 20 33 16 8 2 
2 21 0 31 26 29 16 34 4 15 17 8 9 3 13 12 14 18 28 33 32 25 22 23 7 35 5 27 6 20 11 19 30 24 10 1 
1 3 27 17 21 7 23 13 24 19 25 32 20 15 33 6 31 22 18 14 11 5 30 35 8 28 12 4 26 2 9 29 16 10 34 0 
20 27 29 35 23 25 4 10 32 33 8 9 31 30 17 21 28 5 2 18 16 3 19 12 11 24 15 1 13 26 6 22 7 0 34 14 
25 2 0 1 6 21 5 31 29 33 19 4 3 23 10 27 20 8 17 13 34 14 22 24 32 16 28 11 15 9 30 7 12 35 18 26 
0 21 10 9 16 18 5 1 17 26 19 6 25 11 34 3 29 33 8 32 12 14 23 27 22 20 28 2 30 7 31 13 35 4 15 24 
7 18 28 25 12 4 30 14 29 34 8 27 5 11 16 15 19 32 31 1 20 6 26 0 35 21 10 3 17 23 33 9 13 2 22 24 
10 33 31 28 16 3 24 30 18 13 0 1 27 12 29 5 19 32 25 14 8 11 4 23 20 34 26 35 9 2 7 15 17 22 6 21 
28 20 35 13 29 19 1 7 16 5 12 23 4 25 9 34 21 18 24 27 10 33 31 32 6 2 17 15 14 22 0 8 3 30 26 11 
15 28 27 16 10 23 26 4 22 0 2 6 18 24 9 21 3 33 14 7 34 30 31 17 20 19 32 5 13 29 1 12 35 8 25 11 
25 10 7 16 18 22 14 2 13 30 15 28 9 4 33 17 35 27 20 5 21 11 34 26 31 12 29 1 8 3 6 32 19 0 24 23 
22 18 30 27 20 4 1 11 16 2 19 32 7 34 23 21 3 12 8 25 29 26 10 31 15 13 35 14 5 28 17 24 33 0 6 9 
23 8 3 32 4 34 0 22 15 35 29 18 10 28 27 31 6 25 14 30 16 9 20 33 19 1 7 12 17 11 24 21 5 13 2 26 
14 24 20 27 25 22 5 7 29 9 35 32 11 6 28 23 21 12 33 8 13 16 30 34 15 0 18 10 19 1 17 3 2 31 26 4 
34 22 15 8 6 35 26 27 11 0 2 20 19 16 14 12 17 29 30 3 23 28 13 24 9 33 1 25 10 18 31 7 5 4 21 32 
33 15 11 10 4 13 20 9 25 28 7 30 34 19 35 0 1 21 12 26 32 24 17 8 14 27 16 22 31 18 23 29 2 3 5 6 
35 11 4 12 15 24 2 27 28 26 34 6 30 3 23 20 31 19 0 33 21 18 14 8 5 32 16 29 10 7 17 22 13 1 25 9 
4 6 32 2 13 1 0 5 12 23 17 18 10 28 16 34 31 29 14 8 15 26 20 3 35 24 22 25 7 27 21 9 11 30 19 33 
33 1 20 15 11 7 12 25 26 23 13 3 14 5 29 30 10 21 24 19 4 9 17 16 18 22 31 2 8 32 34 28 6 0 35 27 
14 33 0 27 22 31 6 17 11 19 1 13 29 26 18 3 20 30 25 5 28 21 7 2 34 15 23 16 35 24 32 9 8 10 12 4 
22 32 26 13 3 5 15 34 28 18 21 35 30 6 0 2 1 17 27 16 31 23 24 25 9 11 4 14 12 8 10 20 33 19 7 29 
12 20 21 10 3 4 27 34 7 18 8 35 29 26 14 23 15 9 19 22 0 28 6 30 16 24 13 2 17 1 31 11 25 32 33 5 
22 18 28 26 31 25 15 16 19 32 14 11 33 1 3 21 23 6 17 5 7 13 4 30 12 9 29 35 20 24 0 2 10 8 27 34 
28 13 6 30 20 4 33 8 15 34 10 14 11 3 26 16 22 32 17 31 5 27 9 19 12 35 23 24 21 0 2 18 1 29 7 25 
35 24 31 30 5 13 26 1 2 25 0 23 6 10 4 14 22 21 28 29 11 15 32 27 3 18 34 16 20 19 8 7 33 17 9 12 
19 29 35 30 32 15 13 21 25 17 23 16 1 26 5 33 8 0 3 31 6 11 20 18 22 28 24 14 27 12 9 34 10 4 2 7 
10 33 4 29 3 16 31 35 12 17 18 7 20 13 22 0 1 25 9 30 34 26 24 19 32 6 23 14 27 8 15 2 5 11 21 28 
4 21 15 8 12 20 22 14 23 17 31 25 9 16 30 7 0 24 6 10 3 5 18 29 27 34 2 1 19 26 13 11 32 33 28 35 
4 7 27 17 11 34 30 8 29 18 1 3 6 21 24 9 25 14 19 5 28 12 16 15 26 35 13 22 23 33 0 20 31 2 32 10 
30 6 28 5 10 3 23 14 9 15 34 4 8 27 17 13 19 16 12 29 25 32 18 24 1 33 35 26 31 21 11 22 20 7 2 0 
35 3 27 1 23 20 7 25 30 8 31 4 21 33 26 19 18 17 16 10 9 15 13 5 22 11 24 6 28 34 0 32 12 2 29 14 
23 16 35 10 0 28 14 22 1 29 2 11 4 15 5 32 30 25 20 21 33 34 31 8 6 12 17 13 18 19 24 7 27 9 3 26 
35 30 34 5 31 27 26 9 11 3 15 21 20 29 12 23 17 1 18 2 10 19 6 8 14 16 33 7 13 22 0 24 25 32 28 4 
24 33 29 23 22 7 10 34 17 27 4 15 31 16 14 11 35 6 2 12 18 28 5 26 30 25 0 13 21 1 19 8 3 20 9 32 
0 3 30 34 13 4 1 20 25 11 15 35 27 16 18 2 21 6 19 7 26 5 29 33 23 17 14 10 24 31 28 22 32 9 12 8 
2 32 5 21 11 10 25 15 14 3 30 33 34 6 17 27 26 4 29 13 7 18 35 20 31 16 28 19 22 9 12 1 24 8 23 0 
28 3 10 7 33 31 29 25 5 14 22 9 27 24 1 20 17 6 23 4 2 34 0 35 8 15 16 12 19 18 21 30 26 13 11 32 
7 31 15 21 11 6 34 26 8 14 28 9 27 35 1 20 4 2 12 30 16 32 18 3 23 22 0 25 33 13 17 5 24 10 29 19 
17 13 27 12 21 11 10 9 32 30 31 28 14 1 3 2 0 16 29 4 22 35 15 33 5 18 8 34 25 24 19 20 6 23 7 26 
31 27 12 22 29 23 33 1 16 20 0 24 18 19 25 35 34 13 28 7 30 6 8 10 17 3 4 2 14 9 21 5 11 32 26 15 
16 31 24 27 13 28 15 3 35 6 30 34 29 8 23 20 22 26 14 10 11 19 25 5 1 32 0 17 12 2 18 4 33 7 21 9 
15 22 29 21 14 31 23 0 12 9 6 11 2 33 5 27 26 25 35 20 1 24 3 19 18 10 7 16 34 30 4 17 8 28 32 13 
2 33 23 4 0 30 6 20 19 16 26 17 7 27 14 10 31 5 35 9 18 12 24 29 13 28 22 34 32 3 21 25 1 15 11 8 
30 10 14 26 7 18 9 21 32 27 28 0 8 5 29 13 35 22 20 12 23 25 4 31 6 17 15 24 19 1 11 3 16 33 2 34 
